
# source sadie @64k: ours 62.3 kbps, ref 63.3 kbps; ours_celt 6000 frames, ref_celt 6001 frames
## LONG: ours 4193 frames, ref 4213 frames
# mean pulses per band (ours / ref)
# band_hz	ours	ref	diff
0	241.9	233.8	8.1
240	243.3	249.9	-6.6
480	232.5	234.1	-1.6
720	215.6	208.5	7.1
960	188.0	179.4	8.6
1200	179.1	171.9	7.2
1440	169.9	164.7	5.2
1680	162.0	158.0	3.9
1920	303.4	307.5	-4.1
2400	285.2	292.1	-6.8
2880	270.8	275.9	-5.1
3360	252.9	250.7	2.2
3840	463.4	456.6	6.8
4800	418.4	426.7	-8.2
5760	378.4	385.8	-7.4
6720	520.2	529.6	-9.5
8160	453.8	458.1	-4.3
9600	561.9	618.1	-56.3
11520	640.5	644.7	-4.2
14400	528.1	488.6	39.5
18720	0.0	1.0	-1.0
# mean fine_quant per band (ours / ref)
# band_hz	ours	ref
0	1.70	1.48
240	1.60	1.51
480	1.44	1.37
720	1.20	1.19
960	1.02	1.06
1200	1.02	1.05
1440	1.02	1.05
1680	1.03	1.06
1920	1.80	1.65
2400	1.71	1.52
2880	1.49	1.41
3360	1.15	1.28
3840	2.00	2.04
4800	2.00	2.05
5760	2.00	2.04
6720	2.04	2.21
8160	2.01	2.11
9600	2.35	2.40
11520	2.92	2.67
14400	2.60	2.28
18720	1.00	1.00
# alloc_trim hist [0..10]: ours [1742, 1860, 591, 0, 0, 0, 0, 0, 0, 0, 0] ref [3224, 832, 153, 4, 0, 0, 0, 0, 0, 0, 0]
# mean dynalloc boost per band (1/8 bit) ours / ref
0	0.4	3.3
240	13.9	32.6
480	14.0	27.1
720	2.8	7.7
960	1.5	3.6
1200	2.1	4.6
1440	2.3	5.9
1680	4.0	7.7
1920	9.6	23.6
2400	9.0	23.1
2880	10.0	22.5
3360	5.7	12.4
3840	2.1	6.5
4800	11.7	28.2
5760	10.1	22.7
6720	10.2	24.7
8160	1.6	6.5
9600	29.0	78.2
11520	9.2	26.1
14400	0.8	3.0
# alloc_trim mean: ours 0.73 ref 0.27
# coded_bands mean Hz: ours 14400 ref 14400
# intensity mean Hz: ours 8160 ref 6720
# dual_stereo share: ours 0.000 ref 0.000
# total_bits mean: ours 1028 ref 1037
# balance mean: ours 0 ref 0
# spread hist [0..3]: ours [0, 0, 4193, 0] ref [0, 0, 3303, 910]
# tf_res hist [-1..2]: ours [0, 88053, 0, 0] ref [19170, 69303, 0, 0]
## SHORT: ours 1807 frames, ref 1788 frames
# mean pulses per band (ours / ref)
# band_hz	ours	ref	diff
0	308.6	292.4	16.3
240	325.4	306.7	18.7
480	323.1	305.6	17.4
720	350.2	335.5	14.7
960	290.0	276.9	13.1
1200	256.9	250.8	6.1
1440	256.4	247.9	8.5
1680	252.3	244.7	7.6
1920	459.8	446.2	13.6
2400	443.5	433.4	10.1
2880	409.1	402.9	6.2
3360	379.8	374.2	5.7
3840	714.2	710.2	4.1
4800	689.7	692.6	-2.9
5760	643.3	649.3	-6.0
6720	907.8	920.8	-13.0
8160	821.2	843.3	-22.1
9600	1096.9	1135.0	-38.1
11520	1423.1	1498.8	-75.6
14400	1349.5	1441.0	-91.5
18720	4.3	25.9	-21.7
# mean fine_quant per band (ours / ref)
# band_hz	ours	ref
0	2.11	2.07
240	2.19	2.16
480	2.19	2.14
720	2.33	2.26
960	1.98	1.84
1200	1.78	1.62
1440	1.74	1.58
1680	1.66	1.55
1920	2.18	2.16
2400	2.15	2.14
2880	2.05	2.06
3360	1.92	2.01
3840	2.68	2.60
4800	2.65	2.51
5760	2.55	2.39
6720	2.80	2.94
8160	2.75	2.87
9600	2.94	2.99
11520	3.17	3.21
14400	3.45	3.34
18720	1.01	1.06
# alloc_trim hist [0..10]: ours [762, 896, 148, 1, 0, 0, 0, 0, 0, 0, 0] ref [1723, 63, 2, 0, 0, 0, 0, 0, 0, 0, 0]
# mean dynalloc boost per band (1/8 bit) ours / ref
0	18.9	19.1
240	50.3	47.0
480	61.4	57.6
720	100.1	97.6
960	57.6	53.4
1200	30.7	31.9
1440	39.0	36.5
1680	43.0	40.9
1920	49.0	47.2
2400	50.8	50.2
2880	33.6	34.7
3360	21.1	21.4
3840	15.1	14.0
4800	43.8	43.5
5760	33.4	31.0
6720	33.2	32.1
8160	2.5	2.5
9600	68.8	65.5
11520	22.0	20.4
14400	4.6	3.4
18720	0.6	0.6
# alloc_trim mean: ours 0.66 ref 0.04
# coded_bands mean Hz: ours 14400 ref 18720
# intensity mean Hz: ours 8160 ref 6720
# dual_stereo share: ours 0.000 ref 0.000
# total_bits mean: ours 1725 ref 1735
# balance mean: ours 0 ref 0
# spread hist [0..3]: ours [0, 0, 1807, 0] ref [0, 0, 1788, 0]
# tf_res hist [-1..2]: ours [0, 37947, 0, 0] ref [7561, 14583, 11085, 4319]

# source hein @64k: ours 63.8 kbps, ref 64.9 kbps; ours_celt 6000 frames, ref_celt 6001 frames
## LONG: ours 3972 frames, ref 3947 frames
# mean pulses per band (ours / ref)
# band_hz	ours	ref	diff
0	240.1	233.1	7.0
240	241.3	247.2	-5.9
480	229.1	229.9	-0.7
720	213.9	206.8	7.0
960	185.5	177.3	8.1
1200	176.7	170.0	6.7
1440	171.9	172.3	-0.5
1680	164.2	167.5	-3.2
1920	304.1	315.1	-10.9
2400	283.0	289.1	-6.2
2880	265.9	268.5	-2.6
3360	255.5	259.9	-4.5
3840	462.1	460.3	1.8
4800	411.6	419.0	-7.4
5760	372.6	380.9	-8.3
6720	513.8	528.3	-14.5
8160	448.8	459.2	-10.4
9600	546.0	594.1	-48.1
11520	628.4	644.4	-16.1
14400	518.4	498.6	19.7
18720	0.0	1.8	-1.8
# mean fine_quant per band (ours / ref)
# band_hz	ours	ref
0	1.64	1.46
240	1.56	1.47
480	1.37	1.33
720	1.15	1.16
960	1.02	1.05
1200	1.02	1.04
1440	1.05	1.11
1680	1.06	1.13
1920	1.79	1.67
2400	1.67	1.50
2880	1.40	1.38
3360	1.16	1.31
3840	2.01	2.05
4800	2.00	2.04
5760	2.00	2.03
6720	2.04	2.19
8160	2.01	2.10
9600	2.32	2.39
11520	2.89	2.69
14400	2.57	2.32
18720	1.00	1.00
# alloc_trim hist [0..10]: ours [1776, 1790, 405, 0, 0, 1, 0, 0, 0, 0, 0] ref [3266, 588, 89, 2, 0, 2, 0, 0, 0, 0, 0]
# mean dynalloc boost per band (1/8 bit) ours / ref
0	1.0	5.2
240	14.1	31.7
480	12.3	24.7
720	3.0	7.7
960	1.6	3.6
1200	2.2	4.5
1440	7.3	16.4
1680	8.9	20.0
1920	14.2	34.5
2400	9.8	22.9
2880	7.3	17.1
3360	11.6	24.3
3840	6.8	14.0
4800	10.2	23.3
5760	9.3	19.9
6720	10.6	25.4
8160	3.1	8.4
9600	20.8	53.7
11520	7.2	19.9
14400	0.7	3.1
# alloc_trim mean: ours 0.66 ref 0.20
# coded_bands mean Hz: ours 14400 ref 14400
# intensity mean Hz: ours 6720 ref 5760
# dual_stereo share: ours 0.000 ref 0.000
# total_bits mean: ours 1026 ref 1043
# balance mean: ours 0 ref 0
# spread hist [0..3]: ours [0, 0, 3972, 0] ref [0, 0, 3809, 138]
# tf_res hist [-1..2]: ours [0, 83412, 0, 0] ref [20256, 62631, 0, 0]
## SHORT: ours 2028 frames, ref 2054 frames
# mean pulses per band (ours / ref)
# band_hz	ours	ref	diff
0	303.3	285.9	17.5
240	325.9	306.4	19.4
480	326.1	309.3	16.8
720	358.0	336.8	21.2
960	288.5	277.1	11.4
1200	269.7	260.3	9.4
1440	293.4	283.8	9.6
1680	277.9	269.2	8.6
1920	467.7	450.2	17.5
2400	434.7	417.3	17.4
2880	406.4	391.3	15.1
3360	401.3	387.1	14.2
3840	733.0	716.6	16.4
4800	671.4	666.7	4.6
5760	636.5	634.3	2.2
6720	900.1	898.0	2.1
8160	831.5	837.4	-5.9
9600	1078.0	1094.1	-16.1
11520	1407.6	1452.8	-45.2
14400	1343.5	1388.4	-44.9
18720	2.3	22.5	-20.2
# mean fine_quant per band (ours / ref)
# band_hz	ours	ref
0	2.09	2.05
240	2.21	2.17
480	2.22	2.15
720	2.39	2.27
960	1.98	1.81
1200	1.86	1.67
1440	1.97	1.83
1680	1.80	1.69
1920	2.21	2.18
2400	2.11	2.09
2880	2.03	2.03
3360	2.01	2.06
3840	2.72	2.57
4800	2.64	2.41
5760	2.51	2.34
6720	2.79	2.96
8160	2.76	2.86
9600	2.93	2.99
11520	3.17	3.16
14400	3.43	3.29
18720	1.01	1.05
# alloc_trim hist [0..10]: ours [891, 1036, 100, 1, 0, 0, 0, 0, 0, 0, 0] ref [2019, 34, 1, 0, 0, 0, 0, 0, 0, 0, 0]
# mean dynalloc boost per band (1/8 bit) ours / ref
0	15.9	16.4
240	53.6	50.8
480	67.3	65.4
720	111.1	102.9
960	58.4	57.0
1200	46.9	46.0
1440	81.6	80.1
1680	72.6	71.5
1920	60.7	59.0
2400	44.8	40.7
2880	33.6	30.0
3360	46.7	42.3
3840	39.7	34.1
4800	30.1	30.3
5760	30.5	29.1
6720	31.4	30.1
8160	18.7	17.1
9600	56.4	51.7
11520	15.3	13.6
14400	9.1	9.3
18720	0.5	0.3
# alloc_trim mean: ours 0.61 ref 0.02
# coded_bands mean Hz: ours 14400 ref 18720
# intensity mean Hz: ours 8160 ref 6720
# dual_stereo share: ours 0.000 ref 0.000
# total_bits mean: ours 1741 ref 1724
# balance mean: ours 0 ref 0
# spread hist [0..3]: ours [0, 0, 2028, 0] ref [0, 0, 2054, 0]
# tf_res hist [-1..2]: ours [0, 42588, 0, 0] ref [6563, 17762, 13303, 5506]
