# sadie@64k per-second diagnostic (r1, current code)
# 120s cap, 20ms frames, VBR constrained, 48kHz stereo
# total frames: ours=6000 ref=6001
# avg corr: ours=0.9823 ref=0.9854 gap=+0.0031

# sec	corr_ours	corr_ref	gap	avg_trim	dual_n	int_typ	avg_B_ours	avg_B_ref	tf_chng_n	trans_n
0	0.9911	0.9853	-0.0058	0.1	0	16	157	119	-	5
1	0.9888	0.9949	+0.0060	0.5	0	16	164	171	-	15
2	0.9957	0.9975	+0.0018	1.1	0	16	154	161	-	11
3	0.9967	0.9977	+0.0010	1.3	0	16	164	162	-	11
4	0.9958	0.9974	+0.0016	0.8	0	16	132	128	-	9
5	0.9978	0.9967	-0.0011	0.3	0	16	133	98	-	3
6	0.9749	0.9772	+0.0023	0.5	0	16	175	154	-	8
7	0.9971	0.9976	+0.0006	0.5	0	16	160	128	-	11
8	0.9807	0.9897	+0.0090	1.3	0	16	165	158	-	7
9	0.9883	0.9900	+0.0017	0.8	0	16	159	178	-	11
10	0.9824	0.9841	+0.0017	0.3	0	16	151	134	-	2
11	0.9925	0.9923	-0.0002	0.6	0	16	167	167	-	3
12	0.9946	0.9966	+0.0020	0.7	0	16	153	161	-	13
13	0.9942	0.9933	-0.0009	0.8	0	16	155	140	-	12
14	0.9985	0.9991	+0.0006	0.4	0	16	144	121	-	7
15	0.9779	0.9756	-0.0023	0.4	0	16	177	173	-	6
16	0.9629	0.9662	+0.0033	0.7	0	16	161	142	-	6
17	0.9701	0.9750	+0.0049	0.7	0	16	162	168	-	11
18	0.9805	0.9700	-0.0106	0.5	0	16	159	146	-	16
19	0.9835	0.9938	+0.0103	0.9	0	16	159	172	-	26
20	0.9811	0.9955	+0.0144	0.5	0	16	150	135	-	14
21	0.9952	0.9963	+0.0011	0.9	0	16	166	145	-	15
22	0.9944	0.9974	+0.0029	1.1	0	16	160	175	-	20
23	0.9826	0.9881	+0.0055	0.7	0	16	160	183	-	18
24	0.9935	0.9959	+0.0024	1.0	0	16	156	152	-	13
25	0.9847	0.9871	+0.0024	0.8	0	16	160	170	-	12
26	0.9786	0.9873	+0.0086	0.9	0	16	150	177	-	14
27	0.9966	0.9984	+0.0018	0.6	0	16	141	134	-	5
28	0.9661	0.9735	+0.0074	0.4	0	16	162	154	-	8
29	0.9803	0.9879	+0.0076	0.6	0	16	178	188	-	11
30	0.9829	0.9864	+0.0035	0.1	0	16	136	122	-	6
31	0.9683	0.9692	+0.0009	0.4	0	16	168	161	-	6
32	0.9534	0.9667	+0.0133	0.4	0	16	164	157	-	15
33	0.9705	0.9778	+0.0073	0.6	0	16	164	157	-	15
34	0.9933	0.9968	+0.0035	1.0	0	16	157	198	-	33
35	0.9697	0.9862	+0.0165	0.3	0	16	150	137	-	9
36	0.9504	0.9555	+0.0051	0.7	0	16	170	167	-	15
37	0.9681	0.9766	+0.0085	0.8	0	16	160	168	-	11
38	0.9842	0.9905	+0.0062	0.7	0	16	157	160	-	8
39	0.9964	0.9976	+0.0013	1.0	0	16	156	166	-	15
40	0.9668	0.9717	+0.0048	0.6	0	16	159	147	-	5
41	0.9959	0.9969	+0.0009	1.1	0	16	161	155	-	12
42	0.9955	0.9981	+0.0026	0.8	0	16	161	156	-	10
43	0.9689	0.9719	+0.0030	0.7	0	16	157	175	-	4
44	0.9895	0.9961	+0.0065	0.4	0	16	149	148	-	6
45	0.9966	0.9983	+0.0017	1.1	0	16	157	168	-	5
46	0.9924	0.9939	+0.0015	0.7	0	16	164	152	-	8
47	0.9855	0.9902	+0.0047	0.6	0	16	168	159	-	10
48	0.9624	0.9560	-0.0064	0.8	0	16	159	163	-	13
49	0.9739	0.9762	+0.0023	0.8	0	16	158	168	-	17
50	0.9971	0.9976	+0.0006	0.6	0	16	142	128	-	9
51	0.9944	0.9968	+0.0024	1.2	0	16	179	185	-	17
52	0.9742	0.9776	+0.0034	0.7	0	16	156	163	-	11
53	0.9156	0.9172	+0.0016	0.0	0	16	138	136	-	9
54	0.9821	0.9818	-0.0003	0.8	0	16	164	167	-	9
55	0.9955	0.9978	+0.0023	1.0	0	16	177	187	-	18
56	0.9869	0.9916	+0.0047	0.7	0	16	159	194	-	17
57	0.9874	0.9928	+0.0053	1.1	0	16	156	163	-	6
58	0.9924	0.9940	+0.0017	0.9	0	16	161	155	-	14
59	0.9564	0.9482	-0.0082	0.2	0	16	143	137	-	8
60	0.9836	0.9853	+0.0018	0.7	0	16	155	160	-	5
61	0.9867	0.9827	-0.0040	0.9	0	16	166	157	-	13
62	0.9975	0.9986	+0.0011	1.0	0	16	148	150	-	8
63	0.9964	0.9978	+0.0014	1.1	0	16	173	170	-	16
64	0.9857	0.9912	+0.0056	1.0	0	16	170	202	-	19
65	0.9907	0.9927	+0.0020	0.8	0	16	159	176	-	19
66	0.9967	0.9966	-0.0001	0.8	0	16	148	151	-	13
67	0.9918	0.9957	+0.0040	0.5	0	16	159	149	-	15
68	0.9818	0.9874	+0.0056	0.9	0	16	160	174	-	8
69	0.9918	0.9940	+0.0023	1.0	0	16	166	181	-	11
70	0.9960	0.9976	+0.0016	0.9	0	16	162	170	-	18
71	0.9924	0.9943	+0.0019	1.3	0	16	155	169	-	22
72	0.9929	0.9939	+0.0010	1.0	0	16	153	152	-	8
73	0.9948	0.9978	+0.0030	1.0	0	16	159	175	-	7
74	0.9928	0.9935	+0.0007	0.2	0	16	136	129	-	5
75	0.9947	0.9941	-0.0006	0.6	0	16	161	138	-	19
76	0.9790	0.9798	+0.0009	0.6	0	16	160	169	-	5
77	0.9961	0.9972	+0.0011	0.6	0	16	156	143	-	12
78	0.9931	0.9963	+0.0031	0.4	0	16	140	144	-	9
79	0.9672	0.9814	+0.0142	0.9	0	16	178	176	-	21
80	0.9739	0.9866	+0.0127	0.3	0	16	136	134	-	11
81	0.9950	0.9969	+0.0019	0.5	0	16	152	137	-	9
82	0.9719	0.9792	+0.0073	0.5	0	16	167	170	-	9
83	0.9757	0.9733	-0.0025	0.5	0	16	167	170	-	9
84	0.9873	0.9910	+0.0037	1.0	0	16	161	150	-	16
85	0.9669	0.9772	+0.0103	0.9	0	16	160	139	-	10
86	0.9917	0.9966	+0.0049	1.0	0	16	160	194	-	31
87	0.9734	0.9840	+0.0106	1.0	0	16	158	174	-	18
88	0.9534	0.9776	+0.0241	0.6	0	16	161	179	-	21
89	0.9863	0.9921	+0.0058	0.8	0	16	153	168	-	24
90	0.9980	0.9992	+0.0012	0.4	0	16	147	136	-	8
91	0.9968	0.9982	+0.0014	1.5	0	16	166	173	-	12
92	0.9836	0.9859	+0.0022	0.8	0	16	168	157	-	19
93	0.9518	0.9100	-0.0418	0.1	0	16	98	90	-	2
94	0.9853	0.9868	+0.0015	0.2	0	16	140	139	-	9
95	0.9558	0.9555	-0.0003	0.6	0	16	186	190	-	23
96	0.9594	0.9755	+0.0161	1.0	0	16	159	182	-	25
97	0.9930	0.9951	+0.0021	0.7	0	16	142	156	-	12
98	0.9783	0.9875	+0.0092	0.7	0	16	158	154	-	8
99	0.9748	0.9830	+0.0081	0.5	0	16	172	166	-	14
100	0.9594	0.9655	+0.0061	0.7	0	16	161	163	-	9
101	0.9790	0.9857	+0.0067	0.5	0	16	146	144	-	13
102	0.9720	0.9753	+0.0033	0.7	0	16	152	159	-	8
103	0.9743	0.9832	+0.0089	0.8	0	16	150	146	-	6
104	0.9616	0.9585	-0.0031	0.4	0	16	137	130	-	8
105	0.9958	0.9968	+0.0010	0.9	0	16	172	158	-	14
106	0.9912	0.9943	+0.0031	1.0	0	16	171	177	-	19
107	0.9933	0.9951	+0.0018	1.1	0	16	157	167	-	18
108	0.9915	0.9953	+0.0038	0.6	0	16	149	141	-	9
109	0.9950	0.9935	-0.0015	0.6	0	16	149	132	-	11
110	0.9679	0.9770	+0.0091	0.6	0	16	166	160	-	12
111	0.9555	0.9494	-0.0061	0.5	0	16	159	138	-	15
112	0.9965	0.9977	+0.0011	0.8	0	16	158	149	-	10
113	0.9950	0.9950	-0.0000	0.5	0	16	132	116	-	5
114	0.9973	0.9976	+0.0003	0.4	0	16	138	144	-	7
115	0.9553	0.9639	+0.0086	0.4	0	16	173	180	-	11
116	0.9604	0.9646	+0.0042	0.6	0	16	164	156	-	8
117	0.9570	0.9739	+0.0169	0.6	0	16	160	162	-	13
118	0.9881	0.9890	+0.0008	0.6	0	16	164	144	-	14
119	0.9951	0.9956	+0.0006	0.7	0	16	147	135	-	14

# --- 10 worst seconds by gap (per-frame diag) ---
# frame	t_ms	B_ours	B_ref	trans	short	intra	sil	lm	start	bands	int	dual	trim	reservoir	pulses[0..5]	fine[0..5]
# second 88 gap=+0.0241
4400	88000	95	73	0	0	0	0	3	0	20	16	0	0	-3968	202,190,178,170,142	1,1,1,1,1
4401	88020	221	228	1	8	0	0	3	0	20	16	0	0	0	289,277,265,257,237	2,2,2,2,2
4402	88040	229	261	1	8	1	0	3	0	20	16	0	1	4480	317,303,289,279,257	2,2,2,2,2
4403	88060	241	232	1	8	1	0	3	0	20	16	0	1	9728	323,309,295,285,263	2,2,2,2,2
4404	88080	166	239	1	8	0	0	3	0	20	16	0	0	10176	245,233,269,229,206	2,2,2,1,1
4405	88100	159	201	1	8	1	0	3	0	20	16	0	1	10176	261,247,233,223,209	2,2,2,2,1
4406	88120	159	179	1	8	1	0	3	0	20	16	0	1	10176	268,254,240,230,216	2,2,2,2,1
4407	88140	136	98	0	0	1	0	3	0	20	16	0	1	8704	246,232,234,224,194	2,2,1,1,1
4408	88160	134	100	0	0	1	0	3	0	20	16	0	1	7104	246,232,234,224,194	2,2,1,1,1
4409	88180	130	108	0	0	0	0	3	0	20	16	0	1	5248	246,232,234,224,194	2,2,1,1,1
4410	88200	135	120	0	0	0	0	3	0	20	16	0	1	3712	246,280,234,224,194	2,2,1,1,1
4411	88220	133	173	0	0	0	0	3	0	20	16	0	1	2048	246,232,234,224,194	2,2,1,1,1
4412	88240	217	197	1	8	0	0	3	0	20	16	0	1	5760	315,301,287,277,255	2,2,2,2,2
4413	88260	219	176	1	8	1	0	3	0	20	16	0	1	9600	315,301,287,277,255	2,2,2,2,2
4414	88280	127	177	0	0	0	0	3	0	20	16	0	1	7552	246,280,234,224,194	2,2,1,1,1
4415	88300	134	90	0	0	1	0	3	0	20	16	0	1	5952	246,280,234,224,194	2,2,1,1,1
4416	88320	225	253	1	8	0	0	3	0	20	16	0	0	10176	281,269,257,249,277	2,2,2,2,2
4417	88340	142	128	0	0	1	0	3	0	20	16	0	0	9088	235,223,211,203,175	1,1,1,1,1
4418	88360	138	151	0	0	0	0	3	0	20	16	0	1	7744	246,232,266,224,194	2,2,2,1,1
4419	88380	146	204	0	0	1	0	3	0	20	16	0	1	6912	246,232,266,224,194	2,2,2,1,1
4420	88400	210	279	1	8	0	0	3	0	20	16	0	0	10176	272,260,248,240,236	2,2,2,2,1
4421	88420	134	179	0	0	1	0	3	0	20	16	0	0	8576	234,222,210,202,174	1,1,1,1,1
4422	88440	133	149	0	0	1	0	3	0	20	16	0	0	6912	234,222,210,202,174	1,1,1,1,1
4423	88460	146	187	0	0	0	0	3	0	20	16	0	0	6080	235,223,211,203,175	1,1,1,1,1
4424	88480	139	249	0	0	1	0	3	0	20	16	0	0	4800	234,222,210,202,174	1,1,1,1,1
4425	88500	225	145	1	8	1	0	3	0	20	16	0	0	9024	288,276,264,256,236	2,2,2,2,2
4426	88520	177	196	1	8	0	0	3	0	20	16	0	0	10176	253,241,229,237,216	2,2,2,1,1
4427	88540	130	143	0	0	1	0	3	0	20	16	0	0	8320	234,222,210,202,174	1,1,1,1,1
4428	88560	135	174	0	0	0	0	3	0	20	16	0	0	6784	234,222,210,202,174	1,1,1,1,1
4429	88580	143	114	0	0	0	0	3	0	20	16	0	1	5760	246,280,234,224,194	2,2,1,1,1
4430	88600	142	151	0	0	0	0	3	0	20	16	0	1	4672	246,280,234,224,226	2,2,1,1,2
4431	88620	136	147	0	0	1	0	3	0	20	16	0	1	3200	246,232,234,224,194	2,2,1,1,1
4432	88640	133	168	0	0	0	0	3	0	20	16	0	1	1536	246,232,234,224,194	2,2,1,1,1
4433	88660	135	172	0	0	0	0	3	0	20	16	0	1	0	250,236,238,228,198	2,2,1,1,1
4434	88680	219	156	1	8	0	0	3	0	20	16	0	1	3840	317,303,289,279,257	2,2,2,2,2
4435	88700	222	216	1	8	0	0	3	0	20	16	0	1	7872	317,303,289,327,257	2,2,2,2,2
4436	88720	137	145	0	0	1	0	3	0	20	16	0	1	6464	246,280,234,224,194	2,2,1,1,1
4437	88740	134	109	0	0	1	0	3	0	20	16	0	0	4864	235,223,211,203,175	1,1,1,1,1
4438	88760	230	252	1	8	1	0	3	0	20	16	0	0	9408	290,278,266,258,238	2,2,2,2,2
4439	88780	171	255	1	8	0	0	3	0	20	16	0	0	10176	243,231,235,227,204	2,2,1,1,1
4440	88800	142	105	0	0	1	0	3	0	20	16	0	1	9088	246,232,266,224,194	2,2,2,1,1
4441	88820	176	235	1	8	1	0	3	0	20	16	0	1	10176	274,260,246,236,224	2,2,2,2,1
4442	88840	159	194	1	8	1	0	3	0	20	16	0	1	10176	263,249,235,225,211	2,2,2,2,1
4443	88860	159	189	1	8	0	0	3	0	20	16	0	1	10176	269,255,241,231,218	2,2,2,2,1
4444	88880	159	258	1	8	0	0	3	0	20	16	0	1	10176	261,247,233,271,209	2,2,2,2,1
4445	88900	138	230	0	0	1	0	3	0	20	16	0	1	8832	246,232,234,224,194	2,2,1,1,1
4446	88920	114	85	0	0	1	0	3	0	20	16	0	1	5952	224,226,212,234,172	2,1,1,2,1
4447	88940	225	256	1	8	1	0	3	0	20	16	0	0	10176	278,266,254,246,226	2,2,2,2,2
4448	88960	143	177	0	0	1	0	3	0	20	16	0	0	9152	234,222,210,202,174	1,1,1,1,1
4449	88980	135	240	0	0	0	0	3	0	20	16	0	0	7616	234,222,210,202,174	1,1,1,1,1

# second 117 gap=+0.0169
5850	117000	246	250	1	8	0	0	3	0	20	16	0	0	-2176	301,289,325,269,249	2,2,2,2,2
5851	117020	153	215	0	0	1	0	3	0	20	16	0	0	-2560	228,232,252,212,185	2,1,2,1,1
5852	117040	150	218	0	0	0	0	3	0	20	16	0	0	-3136	229,233,221,213,186	2,1,1,1,1
5853	117060	144	139	0	0	1	0	3	0	20	16	0	0	-4096	229,233,221,213,186	2,1,1,1,1
5854	117080	144	141	0	0	0	0	3	0	20	16	0	0	-5056	229,233,221,213,186	2,1,1,1,1
5855	117100	151	200	0	0	0	0	3	0	20	16	0	0	-5568	229,233,221,213,186	2,1,1,1,1
5856	117120	154	228	0	0	0	0	3	0	20	16	0	0	-5888	229,233,253,213,186	2,1,2,1,1
5857	117140	158	124	0	0	1	0	3	0	20	16	0	1	-5952	257,243,229,267,205	2,2,2,2,1
5858	117160	248	124	1	8	0	0	3	0	20	16	0	1	-256	333,319,305,295,273	2,2,2,2,2
5859	117180	158	185	0	0	1	0	3	0	20	16	0	1	-320	257,243,229,267,205	2,2,2,2,1
5860	117200	158	123	0	0	1	0	3	0	20	16	0	2	-384	286,270,254,242,226	2,2,2,2,1
5861	117220	243	176	1	8	0	0	3	0	20	16	0	1	4992	327,313,299,289,267	2,2,2,2,2
5862	117240	149	118	0	0	1	0	3	0	20	16	0	2	4352	278,262,294,234,218	2,2,2,2,1
5863	117260	148	112	0	0	1	0	3	0	20	16	0	2	3648	278,262,246,234,218	2,2,2,2,1
5864	117280	142	108	0	0	0	0	3	0	20	16	0	1	2560	250,236,238,228,198	2,2,1,1,1
5865	117300	144	115	0	0	0	0	3	0	20	16	0	1	1600	250,236,238,228,198	2,2,1,1,1
5866	117320	251	185	1	8	0	0	3	0	20	16	0	1	7488	328,314,348,290,268	2,2,2,2,2
5867	117340	201	294	1	8	1	0	3	0	20	16	0	0	10176	261,249,237,229,225	2,2,2,2,1
5868	117360	148	182	0	0	1	0	3	0	20	16	0	0	9472	238,258,214,206,178	1,2,1,1,1
5869	117380	147	143	0	0	1	0	3	0	20	16	0	0	8704	238,226,214,206,178	1,1,1,1,1
5870	117400	182	241	1	8	0	0	3	0	20	16	0	0	10176	256,244,232,224,220	2,2,2,2,1
5871	117420	133	145	0	0	1	0	3	0	20	16	0	0	8512	238,226,214,206,178	1,1,1,1,1
5872	117440	134	90	0	0	1	0	3	0	20	16	0	0	6912	234,222,210,202,174	1,1,1,1,1
5873	117460	134	95	0	0	0	0	3	0	20	16	0	0	5312	237,257,213,205,177	1,2,1,1,1
5874	117480	144	124	0	0	0	0	3	0	20	16	0	1	4352	250,236,238,228,198	2,2,1,1,1
5875	117500	144	150	0	0	1	0	3	0	20	16	0	1	3392	250,236,238,228,198	2,2,1,1,1
5876	117520	230	182	1	8	0	0	3	0	20	16	0	1	7936	323,309,295,285,263	2,2,2,2,2
5877	117540	135	208	0	0	0	0	3	0	20	16	0	1	6400	250,236,238,228,197	2,2,1,1,1
5878	117560	218	134	1	8	1	0	3	0	20	16	0	1	10176	314,300,286,276,254	2,2,2,2,2
5879	117580	142	199	0	0	1	0	3	0	20	16	0	1	9088	250,284,238,228,197	2,2,1,1,1
5880	117600	147	152	0	0	0	0	3	0	20	16	0	1	8320	250,284,238,228,198	2,2,1,1,1
5881	117620	140	236	0	0	0	0	3	0	20	16	0	1	7104	250,236,238,228,198	2,2,1,1,1
5882	117640	207	151	1	8	1	0	3	0	20	16	0	0	10176	273,261,249,241,237	2,2,2,2,1
5883	117660	159	153	1	8	0	0	3	0	20	16	0	0	10176	235,223,227,219,194	2,2,1,1,1
5884	117680	159	186	1	8	0	0	3	0	20	16	0	0	10176	230,234,254,214,235	2,1,2,1,1
5885	117700	159	240	1	8	0	0	3	0	20	16	0	0	10176	237,225,229,221,196	2,2,1,1,1
5886	117720	146	153	0	0	1	0	3	0	20	16	0	1	9344	250,236,238,228,198	2,2,1,1,1
5887	117740	147	132	0	0	1	0	3	0	20	16	0	1	8576	249,235,237,227,197	2,2,1,1,1
5888	117760	146	121	0	0	1	0	3	0	20	16	0	1	7744	249,235,237,227,197	2,2,1,1,1
5889	117780	149	104	0	0	1	0	3	0	20	16	0	0	7104	237,225,213,205,177	1,1,1,1,1
5890	117800	134	111	0	0	0	0	3	0	20	16	0	1	5504	250,236,238,228,198	2,2,1,1,1
5891	117820	140	115	0	0	0	0	3	0	20	16	0	1	4288	250,236,238,228,230	2,2,1,1,2
5892	117840	145	123	0	0	0	0	3	0	20	16	0	1	3392	250,236,238,228,198	2,2,1,1,1
5893	117860	144	266	0	0	0	0	3	0	20	16	0	1	2432	250,236,238,228,198	2,2,1,1,1
5894	117880	138	89	0	0	1	0	3	0	20	16	0	1	1088	249,283,237,227,197	2,2,1,1,1
5895	117900	100	80	0	0	1	0	3	0	19	16	0	1	-2688	229,231,217,206,177	2,1,1,1,1
5896	117920	234	250	1	8	0	0	3	0	20	16	0	0	2112	295,331,271,263,243	2,2,2,2,2
5897	117940	142	217	0	0	1	0	3	0	20	16	0	1	1024	249,235,269,227,197	2,2,2,1,1
5898	117960	126	181	0	0	1	0	3	0	20	16	0	1	-1088	234,236,302,212,182	2,1,2,1,1
5899	117980	94	71	0	0	1	0	3	0	19	16	0	0	-5248	210,198,186,178,150	1,1,1,1,1

# second 35 gap=+0.0165
1750	35000	103	94	0	0	0	0	3	0	19	16	0	0	-3584	215,203,191,183,155	1,1,1,1,1
1751	35020	135	112	0	0	0	0	3	0	20	16	0	0	-5120	223,227,215,207,179	2,1,1,1,1
1752	35040	133	96	0	0	0	0	3	0	20	16	0	0	-6784	223,227,215,207,179	2,1,1,1,1
1753	35060	132	95	0	0	0	0	3	0	20	16	0	0	-8512	224,228,216,208,180	2,1,1,1,1
1754	35080	146	97	0	0	0	0	3	0	20	16	0	0	-9344	231,235,255,215,188	2,1,2,1,1
1755	35100	142	102	0	0	0	0	3	0	20	16	0	0	-10432	229,233,220,212,185	2,1,1,1,1
1756	35120	147	101	0	0	0	0	3	0	20	16	0	0	-11200	232,236,224,216,189	2,1,1,1,1
1757	35140	143	95	0	0	0	0	3	0	20	16	0	0	-12224	231,235,223,215,189	2,1,1,1,1
1758	35160	138	106	0	0	0	0	3	0	20	16	0	0	-13568	230,234,222,214,187	2,1,1,1,1
1759	35180	150	98	0	0	0	0	3	0	20	16	0	0	-14144	232,236,224,216,189	2,1,1,1,1
1760	35200	135	98	0	0	0	0	3	0	20	16	0	0	-15680	227,231,219,211,184	2,1,1,1,1
1761	35220	140	98	0	0	0	0	3	0	20	16	0	0	-16896	228,232,220,212,185	2,1,1,1,1
1762	35240	142	101	0	0	0	0	3	0	20	16	0	0	-17984	227,231,219,211,184	2,1,1,1,1
1763	35260	137	98	0	0	0	0	3	0	20	16	0	0	-19392	224,228,216,208,180	2,1,1,1,1
1764	35280	119	92	0	0	0	0	3	0	20	16	0	0	-21952	229,217,205,197,169	1,1,1,1,1
1765	35300	111	95	0	0	0	0	3	0	20	16	0	0	-25024	219,207,195,187,159	1,1,1,1,1
1766	35320	99	81	0	0	0	0	3	0	20	16	0	0	-28864	209,197,185,177,149	1,1,1,1,1
1767	35340	113	85	0	0	0	0	3	0	20	16	0	0	-31808	222,210,198,190,162	1,1,1,1,1
1768	35360	206	102	1	8	0	0	3	0	20	16	0	0	-28800	280,268,256,248,228	2,2,2,2,2
1769	35380	104	125	0	0	1	0	3	0	20	16	0	0	-32320	211,199,187,179,151	1,1,1,1,1
1770	35400	100	75	0	0	1	0	3	0	19	16	0	0	-36096	215,203,191,183,155	1,1,1,1,1
1771	35420	99	78	0	0	0	0	3	0	19	16	0	0	-39936	215,203,191,183,155	1,1,1,1,1
1772	35440	95	79	0	0	0	0	3	0	19	16	0	0	-44032	215,203,191,183,155	1,1,1,1,1
1773	35460	97	85	0	0	0	0	3	0	19	16	0	0	-48000	215,203,191,183,155	1,1,1,1,1
1774	35480	95	81	0	0	0	0	3	0	19	16	0	0	-52096	215,203,191,183,155	1,1,1,1,1
1775	35500	97	79	0	0	0	0	3	0	19	16	0	0	-56064	215,203,191,183,155	1,1,1,1,1
1776	35520	104	80	0	0	0	0	3	0	19	16	0	1	-59584	227,229,295,204,175	2,1,2,1,1
1777	35540	98	83	0	0	0	0	3	0	19	16	0	1	-63488	226,228,214,203,174	2,1,1,1,1
1778	35560	97	81	0	0	0	0	3	0	19	16	0	0	-67456	215,203,190,182,154	1,1,1,1,1
1779	35580	96	78	0	0	0	0	3	0	19	16	0	0	-71488	215,203,191,183,155	1,1,1,1,1
1780	35600	105	81	0	0	0	0	3	0	19	16	0	0	-74944	216,204,192,184,156	1,1,1,1,1
1781	35620	242	163	1	8	0	0	3	0	20	16	0	1	-69632	335,353,307,297,275	2,3,2,2,2
1782	35640	268	313	1	8	1	0	3	0	20	16	0	1	-62656	340,326,344,302,280	2,2,3,2,2
1783	35660	261	199	1	8	1	0	3	0	20	16	0	1	-56128	337,323,357,299,277	2,2,2,2,2
1784	35680	255	199	1	8	1	0	3	0	20	16	0	1	-49984	337,323,357,299,277	2,2,2,2,2
1785	35700	247	284	1	8	0	0	3	0	20	16	0	0	-44352	306,294,330,274,254	2,2,2,2,2
1786	35720	153	232	0	0	1	0	3	0	20	16	0	0	-44736	232,236,224,216,190	2,1,1,1,1
1787	35740	152	171	0	0	1	0	3	0	20	16	0	0	-45184	232,268,224,216,190	2,2,1,1,1
1788	35760	153	237	0	0	0	0	3	0	20	16	0	0	-45568	232,236,256,216,189	2,1,2,1,1
1789	35780	154	209	0	0	0	0	3	0	20	16	0	0	-45888	232,236,256,216,190	2,1,2,1,1
1790	35800	249	253	1	8	1	0	3	0	20	16	0	0	-40128	305,293,329,273,253	2,2,2,2,2
1791	35820	155	173	0	0	1	0	3	0	20	16	0	0	-40384	232,236,224,216,189	2,1,1,1,1
1792	35840	257	232	1	8	1	0	3	0	20	16	0	0	-34112	307,295,283,275,255	2,2,2,2,2
1793	35860	159	142	0	0	1	0	3	0	20	16	0	1	-34112	261,247,233,223,209	2,2,2,2,1
1794	35880	162	167	0	0	1	0	3	0	20	16	0	2	-33920	289,273,257,293,229	2,2,2,2,1
1795	35900	152	210	0	0	0	0	3	0	20	16	0	2	-34368	290,274,258,294,230	2,2,2,2,1
1796	35920	156	170	0	0	0	0	3	0	20	16	0	2	-34560	289,273,257,245,229	2,2,2,2,1
1797	35940	251	314	1	8	0	0	3	0	20	16	0	0	-28672	307,295,283,323,255	2,2,2,2,2
1798	35960	162	172	0	0	1	0	3	0	20	16	0	0	-28480	232,236,224,248,189	2,1,1,2,1
1799	35980	156	162	0	0	1	0	3	0	20	16	0	0	-28672	232,236,224,216,189	2,1,1,1,1

# second 96 gap=+0.0161
4800	96000	148	122	0	0	1	0	3	0	20	16	0	1	8384	248,282,236,226,196	2,2,1,1,1
4801	96020	135	125	0	0	0	0	3	0	20	16	0	2	6848	276,260,244,232,216	2,2,2,2,1
4802	96040	140	119	0	0	0	0	3	0	20	16	0	2	5632	276,308,244,232,216	2,2,2,2,1
4803	96060	230	249	1	8	0	0	3	0	20	16	0	1	10176	320,306,292,282,260	2,2,2,2,2
4804	96080	159	167	1	8	1	0	3	0	20	16	0	2	10176	289,273,257,245,229	2,2,2,2,1
4805	96100	153	178	0	0	0	0	3	0	20	16	0	1	9792	248,234,316,226,196	2,2,2,1,1
4806	96120	150	162	0	0	1	0	3	0	20	16	0	1	9216	248,234,236,226,196	2,2,1,1,1
4807	96140	174	259	1	8	0	0	3	0	20	16	0	0	10176	251,239,227,267,212	2,2,2,2,1
4808	96160	140	220	0	0	1	0	3	0	20	16	0	0	8960	236,224,212,204,176	1,1,1,1,1
4809	96180	135	154	0	0	1	0	3	0	20	16	0	0	7424	236,224,212,204,176	1,1,1,1,1
4810	96200	129	140	0	0	0	0	3	0	20	16	0	0	5504	236,224,212,204,176	1,1,1,1,1
4811	96220	137	153	0	0	0	0	3	0	20	16	0	0	4096	236,224,212,204,176	1,1,1,1,1
4812	96240	137	131	0	0	0	0	3	0	20	16	0	0	2688	236,224,212,204,176	1,1,1,1,1
4813	96260	235	237	1	8	0	0	3	0	20	16	0	0	7552	293,329,269,309,241	2,2,2,2,2
4814	96280	149	139	0	0	1	0	3	0	20	16	0	1	6912	248,282,236,226,196	2,2,1,1,1
4815	96300	145	124	0	0	1	0	3	0	20	16	0	1	6016	248,234,236,226,196	2,2,1,1,1
4816	96320	135	107	0	0	0	0	3	0	20	16	0	1	4480	248,234,236,226,196	2,2,1,1,1
4817	96340	136	108	0	0	1	0	3	0	20	16	0	2	3008	276,260,244,232,216	2,2,2,2,1
4818	96360	141	131	0	0	0	0	3	0	20	16	0	2	1856	276,260,244,232,216	2,2,2,2,1
4819	96380	233	206	1	8	0	0	3	0	20	16	0	2	6592	352,368,320,308,284	2,3,2,2,2
4820	96400	215	154	1	8	1	0	3	0	20	16	0	2	10176	331,315,299,287,261	2,2,2,2,2
4821	96420	147	176	0	0	0	0	3	0	20	16	0	2	9408	276,260,244,232,216	2,2,2,2,1
4822	96440	144	167	0	0	0	0	3	0	20	16	0	2	8448	276,260,244,232,216	2,2,2,2,1
4823	96460	144	233	0	0	0	0	3	0	20	16	0	2	7488	275,259,243,231,215	2,2,2,2,1
4824	96480	142	126	0	0	0	0	3	0	20	16	0	2	6400	276,260,244,232,216	2,2,2,2,1
4825	96500	138	132	0	0	0	0	3	0	20	16	0	2	5056	276,308,244,232,216	2,2,2,2,1
4826	96520	227	244	1	8	0	0	3	0	20	16	0	1	9408	320,306,292,282,260	2,2,2,2,2
4827	96540	171	218	1	8	1	0	3	0	20	16	0	1	10176	263,249,235,225,211	2,2,2,2,1
4828	96560	159	187	1	8	1	0	3	0	20	16	0	1	10176	251,237,223,229,199	2,2,2,1,1
4829	96580	159	177	1	8	0	0	3	0	20	16	0	1	10176	260,246,232,238,208	2,2,2,1,1
4830	96600	159	303	1	8	1	0	3	0	20	16	0	1	10176	255,241,227,233,203	2,2,2,1,1
4831	96620	129	100	0	0	1	0	3	0	20	16	0	1	8256	240,226,228,218,188	2,2,1,1,1
4832	96640	189	268	1	8	1	0	3	0	20	16	0	0	10176	262,250,238,230,226	2,2,2,2,1
4833	96660	159	241	1	8	1	0	3	0	20	16	0	0	10176	235,223,227,219,194	2,2,1,1,1
4834	96680	159	211	1	8	1	0	3	0	20	16	0	0	10176	241,229,233,225,201	2,2,1,1,1
4835	96700	83	86	0	0	1	0	3	0	18	16	0	1	5312	232,218,204,190,164	1,1,1,1,1
4836	96720	227	250	1	8	1	0	3	0	20	16	0	0	9664	290,278,266,258,238	2,2,2,2,2
4837	96740	167	262	1	8	1	0	3	0	20	16	0	0	10176	239,227,231,223,198	2,2,1,1,1
4838	96760	139	131	0	0	1	0	3	0	20	16	0	1	8896	247,233,235,225,195	2,2,1,1,1
4839	96780	144	160	0	0	1	0	3	0	20	16	0	1	7936	248,234,316,226,196	2,2,2,1,1
4840	96800	194	186	1	8	0	0	3	0	20	16	0	1	10176	285,271,257,295,238	2,2,2,2,1
4841	96820	153	174	0	0	1	0	3	0	20	16	0	1	9792	247,233,267,225,195	2,2,2,1,1
4842	96840	165	200	1	8	1	0	3	0	20	16	0	1	10176	257,243,229,235,205	2,2,2,1,1
4843	96860	159	191	1	8	1	0	3	0	20	16	0	2	10176	289,273,257,245,229	2,2,2,2,1
4844	96880	159	202	1	8	0	0	3	0	20	16	0	2	10176	285,269,253,241,225	2,2,2,2,1
4845	96900	159	260	1	8	0	0	3	0	20	16	0	1	10176	256,242,228,234,204	2,2,2,1,1
4846	96920	159	247	1	8	0	0	3	0	20	16	0	1	10176	256,242,228,234,204	2,2,2,1,1
4847	96940	159	213	1	8	0	0	3	0	20	16	0	1	10176	258,244,230,236,206	2,2,2,1,1
4848	96960	159	169	1	8	0	0	3	0	20	16	0	1	10176	263,249,235,225,211	2,2,2,2,1
4849	96980	159	209	1	8	0	0	3	0	20	16	0	1	10176	261,247,233,223,209	2,2,2,2,1

# second 20 gap=+0.0144
1000	20000	153	169	0	0	1	0	3	0	20	16	0	0	9344	230,266,222,214,187	2,2,1,1,1
1001	20020	159	168	0	0	0	0	3	0	20	16	0	0	9344	229,233,221,213,186	2,1,1,1,1
1002	20040	163	235	0	0	0	0	3	0	20	16	0	0	9600	230,234,222,214,187	2,1,1,1,1
1003	20060	150	254	0	0	0	0	3	0	20	16	0	0	9024	230,234,222,214,187	2,1,1,1,1
1004	20080	153	158	0	0	1	0	3	0	20	16	0	1	8640	258,244,230,236,206	2,2,2,1,1
1005	20100	153	127	0	0	1	0	3	0	20	16	0	1	8256	258,244,278,236,206	2,2,2,1,1
1006	20120	189	110	1	8	0	0	3	0	20	16	0	2	10176	322,306,338,278,250	2,2,2,2,2
1007	20140	159	164	1	8	0	0	3	0	20	16	0	1	10176	266,252,286,228,214	2,2,2,2,1
1008	20160	151	141	0	0	1	0	3	0	20	16	0	2	9664	286,270,254,242,258	2,2,2,2,2
1009	20180	140	91	0	0	1	0	3	0	20	16	0	1	8448	258,244,230,236,206	2,2,2,1,1
1010	20200	143	93	0	0	1	0	3	0	20	16	0	1	7424	258,292,230,236,206	2,2,2,1,1
1011	20220	92	84	0	0	0	0	3	0	19	16	0	1	3136	238,224,210,198,170	1,1,1,1,1
1012	20240	199	150	1	8	0	0	3	0	20	16	0	0	5696	273,261,249,241,237	2,2,2,2,1
1013	20260	96	137	0	0	1	0	3	0	19	16	0	0	1664	211,199,187,179,151	1,1,1,1,1
1014	20280	105	72	0	0	1	0	3	0	19	16	0	0	-1792	220,208,196,188,160	1,1,1,1,1
1015	20300	111	148	0	0	0	0	3	0	20	16	0	0	-4864	212,200,188,180,152	1,1,1,1,1
1016	20320	110	118	0	0	0	0	3	0	20	16	0	0	-8000	212,200,188,180,152	1,1,1,1,1
1017	20340	103	126	0	0	0	0	3	0	20	16	0	0	-11584	212,200,188,180,200	1,1,1,1,1
1018	20360	103	134	0	0	0	0	3	0	20	16	0	0	-15168	212,200,188,228,152	1,1,1,1,1
1019	20380	100	68	0	0	0	0	3	0	20	16	0	0	-18944	212,200,188,180,152	1,1,1,1,1
1020	20400	102	72	0	0	0	0	3	0	20	16	0	0	-22592	212,200,188,180,152	1,1,1,1,1
1021	20420	100	80	0	0	0	0	3	0	20	16	0	0	-26368	212,200,188,180,152	1,1,1,1,1
1022	20440	101	77	0	0	0	0	3	0	20	16	0	0	-30080	212,200,188,180,152	1,1,1,1,1
1023	20460	111	87	0	0	0	0	3	0	20	16	0	1	-33152	231,265,219,209,179	2,2,1,1,1
1024	20480	104	88	0	0	0	0	3	0	20	16	0	0	-36672	212,200,187,179,151	1,1,1,1,1
1025	20500	103	77	0	0	0	0	3	0	20	16	0	0	-40256	212,200,188,180,152	1,1,1,1,1
1026	20520	168	78	1	8	0	0	3	0	20	16	0	0	-39680	251,239,227,235,214	2,2,2,1,1
1027	20540	104	83	0	0	1	0	3	0	20	16	0	0	-43200	212,200,188,180,152	1,1,1,1,1
1028	20560	221	196	1	8	1	0	3	0	20	16	0	0	-39232	285,273,261,253,233	2,2,2,2,2
1029	20580	183	147	1	8	1	0	3	0	20	16	0	0	-37696	262,250,237,229,225	2,2,2,2,1
1030	20600	188	130	1	8	0	0	3	0	20	16	0	0	-35840	262,250,238,230,226	2,2,2,2,1
1031	20620	103	64	0	0	0	0	3	0	20	16	0	0	-39424	212,200,188,180,152	1,1,1,1,1
1032	20640	108	75	0	0	1	0	3	0	20	16	0	0	-42688	212,232,188,180,152	1,2,1,1,1
1033	20660	226	187	1	8	0	0	3	0	20	16	0	0	-38400	293,281,269,261,241	2,2,2,2,2
1034	20680	104	199	0	0	1	0	3	0	20	16	0	0	-41920	212,200,188,180,152	1,1,1,1,1
1035	20700	105	73	0	0	1	0	3	0	20	16	0	0	-45376	213,201,189,181,153	1,1,1,1,1
1036	20720	104	78	0	0	0	0	3	0	20	16	0	0	-48896	212,200,188,180,200	1,1,1,1,1
1037	20740	102	82	0	0	0	0	3	0	20	16	0	0	-52544	212,200,188,180,152	1,1,1,1,1
1038	20760	139	100	0	0	0	0	3	0	20	16	0	1	-53824	251,237,271,229,199	2,2,2,1,1
1039	20780	253	206	1	8	1	0	3	0	20	16	0	1	-47808	341,327,313,303,281	2,2,2,2,2
1040	20800	263	186	1	8	1	0	3	0	20	16	0	1	-41152	344,330,316,306,284	2,2,2,2,2
1041	20820	263	241	1	8	0	0	3	0	20	16	0	1	-34496	344,330,316,306,284	2,2,2,2,2
1042	20840	250	224	1	8	1	0	3	0	20	16	0	1	-28672	340,326,312,302,280	2,2,2,2,2
1043	20860	154	131	0	0	0	0	3	0	20	16	0	1	-28992	266,252,238,228,214	2,2,2,2,1
1044	20880	165	133	0	0	1	0	3	0	20	16	0	1	-28608	266,300,238,228,214	2,2,2,2,1
1045	20900	152	141	0	0	0	0	3	0	20	16	0	1	-29056	266,252,238,228,214	2,2,2,2,1
1046	20920	248	211	1	8	0	0	3	0	20	16	0	1	-23360	340,326,312,302,280	2,2,2,2,2
1047	20940	163	148	0	0	1	0	3	0	20	16	0	1	-23104	266,252,238,228,214	2,2,2,2,1
1048	20960	155	152	0	0	1	0	3	0	20	16	0	2	-23360	294,278,262,250,234	2,2,2,2,1
1049	20980	245	254	1	8	0	0	3	0	20	16	0	2	-17856	354,354,338,326,302	3,2,2,2,2

# second 79 gap=+0.0142
3950	79000	145	129	0	0	1	0	3	0	20	16	0	0	-57856	228,232,220,212,185	2,1,1,1,1
3951	79020	153	175	0	0	0	0	3	0	20	16	0	1	-58240	256,242,228,234,204	2,2,2,1,1
3952	79040	245	170	1	8	1	0	3	0	20	16	0	2	-52736	358,342,358,314,290	2,2,3,2,2
3953	79060	257	314	1	8	1	0	3	0	20	16	0	2	-46464	346,346,362,318,294	3,2,3,2,2
3954	79080	148	198	0	0	0	0	3	0	20	16	0	2	-47168	285,269,301,241,225	2,2,2,2,1
3955	79100	246	216	1	8	1	0	3	0	20	16	0	0	-41600	301,289,277,269,249	2,2,2,2,2
3956	79120	151	212	0	0	1	0	3	0	20	16	0	0	-42112	228,232,220,212,185	2,1,1,1,1
3957	79140	156	185	0	0	1	0	3	0	20	16	0	1	-42304	256,242,276,234,204	2,2,2,1,1
3958	79160	156	144	0	0	1	0	3	0	20	16	0	1	-42496	256,290,228,266,204	2,2,2,2,1
3959	79180	247	161	1	8	0	0	3	0	20	16	0	1	-36864	332,318,304,294,272	2,2,2,2,2
3960	79200	141	220	0	0	1	0	3	0	20	16	0	2	-38016	285,269,253,241,225	2,2,2,2,1
3961	79220	229	137	1	8	1	0	3	0	20	16	0	2	-33536	356,340,356,312,288	2,2,3,2,2
3962	79240	239	187	1	8	0	0	3	0	20	16	0	2	-28416	358,342,326,314,290	2,2,2,2,2
3963	79260	152	182	0	0	1	0	3	0	20	16	0	2	-28864	285,269,253,241,225	2,2,2,2,1
3964	79280	145	188	0	0	1	0	3	0	20	16	0	2	-29760	285,269,253,289,225	2,2,2,2,1
3965	79300	151	202	0	0	1	0	3	0	20	16	0	1	-30272	256,242,228,266,204	2,2,2,2,1
3966	79320	129	113	0	0	1	0	3	0	20	16	0	1	-32192	240,226,228,218,188	2,2,1,1,1
3967	79340	104	88	0	0	1	0	3	0	19	16	0	1	-35712	230,232,218,208,178	2,1,1,1,1
3968	79360	238	265	1	8	0	0	3	0	20	16	0	0	-30656	300,288,324,268,248	2,2,2,2,2
3969	79380	146	100	0	0	1	0	3	0	20	16	0	0	-31488	238,226,214,206,178	1,1,1,1,1
3970	79400	154	113	0	0	1	0	3	0	20	16	0	0	-31808	228,232,220,244,185	2,1,1,2,1
3971	79420	241	106	1	8	0	0	3	0	20	16	0	1	-26560	330,316,302,292,270	2,2,2,2,2
3972	79440	151	126	0	0	1	0	3	0	20	16	0	1	-27072	256,242,228,234,204	2,2,2,1,1
3973	79460	238	287	1	8	0	0	3	0	20	16	0	1	-22016	328,314,300,290,268	2,2,2,2,2
3974	79480	235	237	1	8	1	0	3	0	20	16	0	1	-17152	327,313,299,289,267	2,2,2,2,2
3975	79500	238	174	1	8	0	0	3	0	20	16	0	1	-12096	329,315,301,291,269	2,2,2,2,2
3976	79520	257	179	1	8	0	0	3	0	20	16	0	1	-5824	334,320,306,296,274	2,2,2,2,2
3977	79540	145	246	0	0	0	0	3	0	20	16	0	1	-6720	256,242,228,234,204	2,2,2,1,1
3978	79560	237	278	1	8	1	0	3	0	20	16	0	0	-1728	298,286,274,266,246	2,2,2,2,2
3979	79580	151	150	0	0	1	0	3	0	20	16	0	0	-2240	228,232,220,212,185	2,1,1,1,1
3980	79600	241	159	1	8	0	0	3	0	20	16	0	1	3008	324,310,296,286,264	2,2,2,2,2
3981	79620	243	172	1	8	1	0	3	0	20	16	0	2	8384	354,338,322,358,286	2,2,2,2,2
3982	79640	144	147	0	0	0	0	3	0	20	16	0	1	7424	249,235,269,227,197	2,2,2,1,1
3983	79660	136	183	0	0	1	0	3	0	20	16	0	1	5952	249,235,237,227,197	2,2,1,1,1
3984	79680	112	86	0	0	1	0	3	0	20	16	0	1	2944	225,227,213,203,173	2,1,1,1,1
3985	79700	100	92	0	0	1	0	3	0	19	16	0	1	-832	225,227,213,202,173	2,1,1,1,1
3986	79720	222	225	1	8	0	0	3	0	20	16	0	0	3200	290,278,266,258,286	2,2,2,2,2
3987	79740	251	171	1	8	1	0	3	0	20	16	0	1	9088	327,313,299,337,267	2,2,2,2,2
3988	79760	141	139	0	0	1	0	3	0	20	16	0	1	7936	249,235,269,227,197	2,2,2,1,1
3989	79780	194	239	1	8	0	0	3	0	20	16	0	1	10176	292,278,264,254,231	2,2,2,2,2
3990	79800	137	101	0	0	1	0	3	0	20	16	0	1	8768	248,282,236,226,196	2,2,1,1,1
3991	79820	139	92	0	0	1	0	3	0	20	16	0	1	7488	249,283,237,227,197	2,2,1,1,1
3992	79840	201	262	1	8	0	0	3	0	20	16	0	1	10176	296,282,268,258,236	2,2,2,2,2
3993	79860	159	190	1	8	1	0	3	0	20	16	0	1	10176	251,237,223,229,199	2,2,2,1,1
3994	79880	159	193	1	8	1	0	3	0	20	16	0	0	10176	234,238,226,218,192	2,1,1,1,1
3995	79900	138	254	0	0	1	0	3	0	20	16	0	0	8832	237,225,213,205,177	1,1,1,1,1
3996	79920	137	148	0	0	1	0	3	0	20	16	0	0	7424	236,224,212,204,176	1,1,1,1,1
3997	79940	137	141	0	0	0	0	3	0	20	16	0	0	6016	237,225,213,205,177	1,1,1,1,1
3998	79960	141	165	0	0	0	0	3	0	20	16	0	0	4864	237,225,213,205,177	1,1,1,1,1
3999	79980	132	166	0	0	0	0	3	0	20	16	0	0	3136	237,224,212,204,176	1,1,1,1,1

# second 32 gap=+0.0133
1600	32000	123	182	0	0	1	0	3	0	20	16	0	0	-27008	228,216,204,195,167	1,1,1,1,1
1601	32020	102	74	0	0	1	0	3	0	20	16	0	0	-30656	209,197,185,177,149	1,1,1,1,1
1602	32040	109	86	0	0	1	0	3	0	20	16	0	0	-33856	210,198,234,178,150	1,1,1,1,1
1603	32060	105	92	0	0	0	0	3	0	20	16	0	0	-37312	210,198,186,178,150	1,1,1,1,1
1604	32080	103	91	0	0	0	0	3	0	20	16	0	0	-40896	209,197,185,177,149	1,1,1,1,1
1605	32100	126	110	0	0	0	0	3	0	20	16	0	0	-43008	222,210,198,190,162	1,1,1,1,1
1606	32120	110	91	0	0	0	0	3	0	20	16	0	0	-46144	210,198,186,178,150	1,1,1,1,1
1607	32140	104	83	0	0	0	0	3	0	20	16	0	0	-49664	209,197,185,177,149	1,1,1,1,1
1608	32160	232	224	1	8	0	0	3	0	20	16	0	0	-44992	300,288,276,268,248	2,2,2,2,2
1609	32180	103	161	0	0	1	0	3	0	20	16	0	0	-48576	210,198,186,226,150	1,1,1,1,1
1610	32200	106	74	0	0	1	0	3	0	20	16	0	0	-51968	210,198,186,178,198	1,1,1,1,1
1611	32220	179	157	1	8	0	0	3	0	20	16	0	0	-50688	256,244,232,224,219	2,2,2,2,1
1612	32240	164	92	1	8	1	0	3	0	20	16	0	0	-50368	246,234,238,230,207	2,2,1,1,1
1613	32260	243	224	1	8	0	0	3	0	20	16	0	0	-44992	305,293,281,273,253	2,2,2,2,2
1614	32280	253	218	1	8	1	0	3	0	20	16	0	0	-38976	310,298,334,278,258	2,2,2,2,2
1615	32300	264	232	1	8	1	0	3	0	20	16	0	1	-32256	342,328,314,304,282	2,2,2,2,2
1616	32320	261	258	1	8	1	0	3	0	20	16	0	2	-25728	354,354,370,326,302	3,2,3,2,2
1617	32340	253	261	1	8	0	0	3	0	20	16	0	2	-19712	353,353,337,325,301	3,2,2,2,2
1618	32360	253	184	1	8	0	0	3	0	20	16	0	2	-13696	353,353,337,325,301	3,2,2,2,2
1619	32380	244	250	1	8	0	0	3	0	20	16	0	0	-8256	306,294,282,274,254	2,2,2,2,2
1620	32400	161	257	0	0	1	0	3	0	20	16	0	0	-8128	233,237,225,217,191	2,1,1,1,1
1621	32420	164	150	0	0	1	0	3	0	20	16	0	0	-7808	234,238,226,218,192	2,1,1,1,1
1622	32440	150	136	0	0	0	0	3	0	20	16	0	0	-8384	234,238,226,218,192	2,1,1,1,1
1623	32460	153	139	0	0	0	0	3	0	20	16	0	0	-8768	234,238,226,218,192	2,1,1,1,1
1624	32480	168	149	0	0	0	0	3	0	20	16	0	0	-8192	233,237,225,217,191	2,1,1,1,1
1625	32500	159	243	0	0	0	0	3	0	20	16	0	0	-8192	233,269,225,217,191	2,2,1,1,1
1626	32520	152	205	0	0	1	0	3	0	20	16	0	0	-8640	233,237,225,217,191	2,1,1,1,1
1627	32540	141	101	0	0	1	0	3	0	20	16	0	0	-9792	232,220,208,200,172	1,1,1,1,1
1628	32560	138	99	0	0	0	0	3	0	20	16	0	0	-11136	236,224,212,204,176	1,1,1,1,1
1629	32580	238	187	1	8	0	0	3	0	20	16	0	0	-6080	302,337,277,269,249	2,2,2,2,2
1630	32600	144	193	0	0	0	0	3	0	20	16	0	0	-7040	226,262,218,210,182	2,2,1,1,1
1631	32620	147	133	0	0	0	0	3	0	20	16	0	0	-7808	229,265,221,213,186	2,2,1,1,1
1632	32640	157	143	0	0	0	0	3	0	20	16	0	1	-7936	264,250,236,226,212	2,2,2,2,1
1633	32660	154	166	0	0	1	0	3	0	20	16	0	1	-8256	264,250,284,226,244	2,2,2,2,2
1634	32680	250	172	1	8	0	0	3	0	20	16	0	1	-2432	339,325,311,301,279	2,2,2,2,2
1635	32700	255	187	1	8	1	0	3	0	20	16	0	2	3712	349,349,333,321,297	3,2,2,2,2
1636	32720	243	181	1	8	0	0	3	0	20	16	0	1	9088	333,319,305,295,273	2,2,2,2,2
1637	32740	144	126	0	0	0	0	3	0	20	16	0	1	8128	256,242,228,234,204	2,2,2,1,1
1638	32760	102	236	0	0	1	0	3	0	19	16	0	1	4480	226,228,214,234,174	2,1,1,2,1
1639	32780	244	207	1	8	1	0	3	0	20	16	0	0	9920	302,290,278,270,250	2,2,2,2,2
1640	32800	148	220	0	0	1	0	3	0	20	16	0	0	9216	227,231,219,211,184	2,1,1,1,1
1641	32820	159	181	0	0	1	0	3	0	20	16	0	0	9216	227,231,219,211,184	2,1,1,1,1
1642	32840	146	206	0	0	0	0	3	0	20	16	0	0	8384	228,232,220,212,184	2,1,1,1,1
1643	32860	152	135	0	0	1	0	3	0	20	16	0	1	7936	256,242,228,234,204	2,2,2,1,1
1644	32880	141	100	0	0	0	0	3	0	20	16	0	1	6784	256,242,228,234,204	2,2,2,1,1
1645	32900	137	101	0	0	1	0	3	0	20	16	0	1	5376	256,242,228,234,204	2,2,2,1,1
1646	32920	110	100	0	0	0	0	3	0	20	16	0	1	2240	231,265,219,209,179	2,2,1,1,1
1647	32940	98	83	0	0	0	0	3	0	20	16	0	0	-1664	209,197,185,177,149	1,1,1,1,1
1648	32960	100	72	0	0	1	0	3	0	20	16	0	0	-5440	209,197,185,177,149	1,1,1,1,1
1649	32980	97	79	0	0	0	0	3	0	20	16	0	0	-9408	209,197,185,177,149	1,1,1,1,1

# second 80 gap=+0.0127
4000	80000	132	163	0	0	0	0	3	0	20	16	0	0	1408	237,225,213,205,177	1,1,1,1,1
4001	80020	137	156	0	0	0	0	3	0	20	16	0	0	0	237,224,212,236,176	1,1,1,2,1
4002	80040	146	247	0	0	0	0	3	0	20	16	0	0	-832	228,232,220,212,184	2,1,1,1,1
4003	80060	152	135	0	0	1	0	3	0	20	16	0	1	-1280	256,242,276,234,204	2,2,2,1,1
4004	80080	154	133	0	0	1	0	3	0	20	16	0	1	-1600	256,242,276,234,204	2,2,2,1,1
4005	80100	158	129	0	0	0	0	3	0	20	16	0	1	-1664	256,242,324,234,204	2,2,2,1,1
4006	80120	157	157	0	0	0	0	3	0	20	16	0	2	-1792	284,268,300,240,224	2,2,2,2,1
4007	80140	156	251	0	0	0	0	3	0	20	16	0	2	-1984	284,268,348,240,224	2,2,2,2,1
4008	80160	157	154	0	0	0	0	3	0	20	16	0	1	-2112	256,242,276,234,204	2,2,2,1,1
4009	80180	158	142	0	0	0	0	3	0	20	16	0	1	-2176	256,242,228,234,204	2,2,2,1,1
4010	80200	146	123	0	0	0	0	3	0	20	16	0	2	-3008	284,316,252,240,224	2,2,2,2,1
4011	80220	149	190	0	0	0	0	3	0	20	16	0	1	-3648	256,242,228,234,204	2,2,2,1,1
4012	80240	261	189	1	8	0	0	3	0	20	16	0	1	2880	330,316,350,292,270	2,2,2,2,2
4013	80260	258	257	1	8	1	0	3	0	20	16	0	1	9216	328,314,348,290,268	2,2,2,2,2
4014	80280	174	213	1	8	0	0	3	0	20	16	0	0	10176	239,227,231,223,199	2,2,1,1,1
4015	80300	144	227	0	0	0	0	3	0	20	16	0	1	9216	248,234,268,226,196	2,2,2,1,1
4016	80320	174	174	1	8	1	0	3	0	20	16	0	0	10176	243,231,235,227,204	2,2,1,1,1
4017	80340	159	234	1	8	1	0	3	0	20	16	0	0	10176	229,265,221,213,186	2,2,1,1,1
4018	80360	159	251	1	8	0	0	3	0	20	16	0	0	10176	232,236,256,216,238	2,1,2,1,1
4019	80380	117	88	0	0	1	0	3	0	20	16	0	0	7488	216,236,192,184,156	1,2,1,1,1
4020	80400	87	82	0	0	1	0	3	0	19	16	0	0	2880	200,188,176,167,140	1,1,1,1,1
4021	80420	90	72	0	0	0	0	3	0	19	16	0	0	-1536	209,197,185,177,149	1,1,1,1,1
4022	80440	233	244	1	8	0	0	3	0	20	16	0	0	3200	292,280,268,308,240	2,2,2,2,2
4023	80460	140	204	0	0	1	0	3	0	20	16	0	0	1984	234,222,242,202,174	1,1,2,1,1
4024	80480	102	150	0	0	1	0	3	0	20	16	0	0	-1664	209,197,185,177,149	1,1,1,1,1
4025	80500	92	74	0	0	1	0	3	0	19	16	0	0	-5952	209,197,185,177,149	1,1,1,1,1
4026	80520	92	74	0	0	1	0	3	0	19	16	0	0	-10240	208,196,184,176,148	1,1,1,1,1
4027	80540	90	77	0	0	0	0	3	0	19	16	0	0	-14656	209,197,185,177,149	1,1,1,1,1
4028	80560	91	76	0	0	0	0	3	0	19	16	0	0	-19008	209,197,185,177,149	1,1,1,1,1
4029	80580	210	144	1	8	0	0	3	0	20	16	0	1	-15744	312,298,284,274,252	2,2,2,2,2
4030	80600	93	80	0	0	1	0	3	0	19	16	0	0	-19968	209,197,185,177,149	1,1,1,1,1
4031	80620	218	79	1	8	1	0	3	0	20	16	0	0	-16192	287,275,263,255,235	2,2,2,2,2
4032	80640	95	135	0	0	1	0	3	0	19	16	0	0	-20288	209,197,185,177,149	1,1,1,1,1
4033	80660	94	81	0	0	1	0	3	0	19	16	0	0	-24448	209,197,185,177,149	1,1,1,1,1
4034	80680	93	82	0	0	0	0	3	0	19	16	0	0	-28672	209,197,185,177,149	1,1,1,1,1
4035	80700	93	77	0	0	0	0	3	0	19	16	0	0	-32896	209,197,233,177,149	1,1,1,1,1
4036	80720	91	81	0	0	0	0	3	0	19	16	0	0	-37248	209,197,185,177,149	1,1,1,1,1
4037	80740	92	85	0	0	0	0	3	0	19	16	0	0	-41536	209,197,185,177,149	1,1,1,1,1
4038	80760	108	87	0	0	0	0	3	0	19	16	0	0	-44800	221,209,197,189,161	1,1,1,1,1
4039	80780	95	85	0	0	0	0	3	0	19	16	0	0	-48896	213,201,189,181,153	1,1,1,1,1
4040	80800	92	82	0	0	0	0	3	0	19	16	0	0	-53184	210,198,186,178,150	1,1,1,1,1
4041	80820	95	85	0	0	0	0	3	0	19	16	0	0	-57280	213,201,189,181,153	1,1,1,1,1
4042	80840	107	88	0	0	0	0	3	0	19	16	0	0	-60608	221,209,197,189,161	1,1,1,1,1
4043	80860	105	85	0	0	0	0	3	0	19	16	0	0	-64064	219,207,195,187,159	1,1,1,1,1
4044	80880	120	86	0	0	0	0	3	0	19	16	0	0	-66560	230,218,238,198,170	1,1,2,1,1
4045	80900	100	84	0	0	0	0	3	0	19	16	0	0	-70336	221,208,196,188,160	1,1,1,1,1
4046	80920	109	90	0	0	0	0	3	0	19	16	0	0	-73536	221,209,197,189,161	1,1,1,1,1
4047	80940	93	87	0	0	0	0	3	0	19	16	0	0	-77760	209,197,233,177,149	1,1,1,1,1
4048	80960	199	79	1	8	0	0	3	0	20	16	0	0	-75200	276,264,252,244,224	2,2,2,2,2
4049	80980	238	227	1	8	1	0	3	0	20	16	0	0	-70144	300,288,276,268,248	2,2,2,2,2

# second 87 gap=+0.0106
4350	87000	135	81	0	0	0	0	3	0	20	16	0	1	768	247,233,235,225,195	2,2,1,1,1
4351	87020	135	82	0	0	0	0	3	0	20	16	0	1	-768	254,288,226,232,202	2,2,2,1,1
4352	87040	130	74	0	0	0	0	3	0	20	16	0	1	-2624	246,232,234,224,194	2,2,1,1,1
4353	87060	121	82	0	0	0	0	3	0	20	16	0	1	-5056	238,224,226,216,186	2,2,1,1,1
4354	87080	219	84	1	8	0	0	3	0	20	16	0	1	-1216	323,309,295,285,263	2,2,2,2,2
4355	87100	223	213	1	8	1	0	3	0	20	16	0	2	2880	347,363,315,302,326	2,3,2,2,2
4356	87120	147	256	0	0	1	0	3	0	20	16	0	1	2112	247,233,267,225,195	2,2,2,1,1
4357	87140	152	187	0	0	1	0	3	0	20	16	0	2	1664	275,259,243,231,215	2,2,2,2,1
4358	87160	148	189	0	0	0	0	3	0	20	16	0	2	960	275,259,291,231,215	2,2,2,2,1
4359	87180	144	186	0	0	0	0	3	0	20	16	0	2	0	276,260,340,232,216	2,2,2,2,1
4360	87200	155	208	0	0	0	0	3	0	20	16	0	1	-256	254,240,322,232,202	2,2,2,1,1
4361	87220	145	312	0	0	0	0	3	0	20	16	0	2	-1152	282,314,250,238,222	2,2,2,2,1
4362	87240	148	112	0	0	1	0	3	0	20	16	0	1	-1856	255,337,227,233,203	2,2,2,1,1
4363	87260	142	113	0	0	1	0	3	0	20	16	0	1	-2944	250,236,270,228,198	2,2,2,1,1
4364	87280	226	234	1	8	0	0	3	0	20	16	0	0	1344	290,278,266,258,238	2,2,2,2,2
4365	87300	138	239	0	0	1	0	3	0	20	16	0	0	0	236,224,244,204,176	1,1,2,1,1
4366	87320	146	141	0	0	1	0	3	0	20	16	0	0	-832	227,231,219,211,183	2,1,1,1,1
4367	87340	142	130	0	0	0	0	3	0	20	16	0	0	-1920	227,231,219,211,183	2,1,1,1,1
4368	87360	147	136	0	0	0	0	3	0	20	16	0	0	-2688	226,230,218,210,182	2,1,1,1,1
4369	87380	152	210	0	0	0	0	3	0	20	16	0	0	-3136	226,230,250,210,182	2,1,2,1,1
4370	87400	239	176	1	8	1	0	3	0	20	16	0	2	1984	351,335,319,307,283	2,2,2,2,2
4371	87420	247	219	1	8	1	0	3	0	20	16	0	1	7616	324,310,296,286,264	2,2,2,2,2
4372	87440	199	204	1	8	0	0	3	0	20	16	0	1	10176	293,279,265,255,232	2,2,2,2,2
4373	87460	159	201	1	8	0	0	3	0	20	16	0	1	10176	263,249,235,225,211	2,2,2,2,1
4374	87480	159	218	1	8	0	0	3	0	20	16	0	2	10176	293,277,261,249,233	2,2,2,2,1
4375	87500	159	205	1	8	0	0	3	0	20	16	0	2	10176	290,274,258,246,230	2,2,2,2,1
4376	87520	159	253	1	8	0	0	3	0	20	16	0	2	10176	294,278,262,250,234	2,2,2,2,1
4377	87540	141	103	0	0	1	0	3	0	20	16	0	1	9024	246,232,234,224,194	2,2,1,1,1
4378	87560	116	88	0	0	1	0	3	0	20	16	0	1	6272	228,230,216,206,176	2,1,1,1,1
4379	87580	91	86	0	0	1	0	3	0	18	16	0	1	1920	223,225,211,198,171	2,1,1,1,1
4380	87600	236	245	1	8	0	0	3	0	20	16	0	0	6848	292,280,268,260,240	2,2,2,2,2
4381	87620	211	266	1	8	1	0	3	0	20	16	0	1	10176	298,284,270,308,238	2,2,2,2,2
4382	87640	159	244	1	8	1	0	3	0	20	16	0	1	10176	253,239,225,231,201	2,2,2,1,1
4383	87660	159	230	1	8	0	0	3	0	20	16	0	1	10176	260,246,280,238,208	2,2,2,1,1
4384	87680	159	228	1	8	0	0	3	0	20	16	0	2	10176	295,279,311,251,234	2,2,2,2,1
4385	87700	133	150	0	0	0	0	3	0	20	16	0	2	8512	274,258,290,230,214	2,2,2,2,1
4386	87720	185	261	1	8	1	0	3	0	20	16	0	0	10176	256,244,232,224,220	2,2,2,2,1
4387	87740	151	271	0	0	1	0	3	0	20	16	0	0	9664	235,223,211,203,175	1,1,1,1,1
4388	87760	141	148	0	0	1	0	3	0	20	16	0	0	8512	234,222,210,202,174	1,1,1,1,1
4389	87780	136	135	0	0	0	0	3	0	20	16	0	0	7040	235,223,211,203,175	1,1,1,1,1
4390	87800	141	208	0	0	0	0	3	0	20	16	0	0	5888	234,222,210,202,174	1,1,1,1,1
4391	87820	141	182	0	0	0	0	3	0	20	16	0	1	4736	246,232,234,224,194	2,2,1,1,1
4392	87840	147	140	0	0	1	0	3	0	20	16	0	1	3968	246,232,234,256,194	2,2,1,2,1
4393	87860	216	175	1	8	0	0	3	0	20	16	0	2	7616	345,329,313,349,277	2,2,2,2,2
4394	87880	136	215	0	0	1	0	3	0	20	16	0	2	6144	274,258,290,230,214	2,2,2,2,1
4395	87900	130	142	0	0	1	0	3	0	20	16	0	1	4288	246,232,234,224,194	2,2,1,1,1
4396	87920	218	115	1	8	1	0	3	0	20	16	0	1	8064	316,302,288,278,256	2,2,2,2,2
4397	87940	133	90	0	0	0	0	3	0	20	16	0	1	6400	246,232,234,224,194	2,2,1,1,1
4398	87960	119	85	0	0	1	0	3	0	20	16	0	0	3840	224,212,200,192,164	1,1,1,1,1
4399	87980	101	137	0	0	0	0	3	0	20	16	0	0	128	209,197,185,177,149	1,1,1,1,1

# second 85 gap=+0.0103
4250	85000	142	126	0	0	0	0	3	0	20	16	0	2	-4032	285,269,253,240,224	2,2,2,2,1
4251	85020	149	135	0	0	0	0	3	0	20	16	0	2	-4672	285,269,301,241,225	2,2,2,2,1
4252	85040	232	135	1	8	0	0	3	0	20	16	0	1	0	327,313,298,288,266	2,2,2,2,2
4253	85060	232	256	1	8	1	0	3	0	20	16	0	0	4672	292,280,268,260,240	2,2,2,2,2
4254	85080	137	201	0	0	1	0	3	0	20	16	0	0	3264	237,225,213,205,177	1,1,1,1,1
4255	85100	141	127	0	0	1	0	3	0	20	16	0	0	2112	237,225,213,205,177	1,1,1,1,1
4256	85120	130	125	0	0	0	0	3	0	20	16	0	0	256	237,225,213,205,177	1,1,1,1,1
4257	85140	150	187	0	0	0	0	3	0	20	16	0	0	-320	228,232,220,212,184	2,1,1,1,1
4258	85160	150	193	0	0	0	0	3	0	20	16	0	1	-896	256,242,228,234,204	2,2,2,1,1
4259	85180	156	133	0	0	1	0	3	0	20	16	0	1	-1088	256,242,228,266,204	2,2,2,2,1
4260	85200	156	142	0	0	0	0	3	0	20	16	0	1	-1280	256,242,276,234,204	2,2,2,1,1
4261	85220	152	147	0	0	0	0	3	0	20	16	0	1	-1728	256,242,228,234,204	2,2,2,1,1
4262	85240	145	204	0	0	0	0	3	0	20	16	0	1	-2624	256,242,228,234,204	2,2,2,1,1
4263	85260	228	95	1	8	1	0	3	0	20	16	0	1	1792	322,308,294,284,262	2,2,2,2,2
4264	85280	134	152	0	0	0	0	3	0	20	16	0	1	192	249,235,237,227,197	2,2,1,1,1
4265	85300	142	91	0	0	1	0	3	0	20	16	0	1	-896	255,241,227,233,203	2,2,2,1,1
4266	85320	131	98	0	0	0	0	3	0	20	16	0	1	-2688	247,233,235,225,195	2,2,1,1,1
4267	85340	124	92	0	0	0	0	3	0	20	16	0	0	-4928	229,217,205,197,169	1,1,1,1,1
4268	85360	140	123	0	0	0	0	3	0	20	16	0	0	-6144	237,225,213,205,177	1,1,1,1,1
4269	85380	132	76	0	0	0	0	3	0	20	16	0	0	-7872	236,224,212,204,176	1,1,1,1,1
4270	85400	128	80	0	0	0	0	3	0	20	16	0	1	-9856	244,230,232,222,192	2,2,1,1,1
4271	85420	232	178	1	8	0	0	3	0	20	16	0	1	-5184	328,314,300,290,268	2,2,2,2,2
4272	85440	147	107	0	0	1	0	3	0	20	16	0	1	-5952	255,241,275,233,203	2,2,2,1,1
4273	85460	128	90	0	0	1	0	3	0	20	16	0	1	-7936	240,226,228,218,188	2,2,1,1,1
4274	85480	127	88	0	0	0	0	3	0	20	16	0	1	-9984	244,230,264,222,192	2,2,2,1,1
4275	85500	116	75	0	0	0	0	3	0	20	16	0	1	-12736	237,223,225,215,185	2,2,1,1,1
4276	85520	115	83	0	0	0	0	3	0	20	16	0	1	-15552	235,269,223,213,183	2,2,1,1,1
4277	85540	127	79	0	0	0	0	3	0	20	16	0	1	-17600	249,235,237,227,197	2,2,1,1,1
4278	85560	135	83	0	0	0	0	3	0	20	16	0	1	-19136	251,237,223,229,199	2,2,2,1,1
4279	85580	124	83	0	0	0	0	3	0	20	16	0	1	-21376	246,232,234,224,194	2,2,1,1,1
4280	85600	237	92	1	8	0	0	3	0	20	16	0	1	-16384	328,314,300,290,268	2,2,2,2,2
4281	85620	151	183	0	0	1	0	3	0	20	16	0	1	-16896	257,291,229,235,205	2,2,2,1,1
4282	85640	149	156	0	0	0	0	3	0	20	16	0	1	-17536	256,242,275,233,203	2,2,2,1,1
4283	85660	235	170	1	8	0	0	3	0	20	16	0	1	-12672	327,345,299,289,267	2,3,2,2,2
4284	85680	154	146	0	0	1	0	3	0	20	16	0	1	-12992	256,242,228,234,204	2,2,2,1,1
4285	85700	243	146	1	8	1	0	3	0	20	16	0	1	-7616	329,315,301,291,269	2,2,2,2,2
4286	85720	147	252	0	0	1	0	3	0	20	16	0	1	-8384	256,242,228,234,204	2,2,2,1,1
4287	85740	157	113	0	0	1	0	3	0	20	16	0	2	-8512	284,268,252,240,224	2,2,2,2,1
4288	85760	250	217	1	8	0	0	3	0	20	16	0	2	-2688	346,346,330,318,294	3,2,2,2,2
4289	85780	252	245	1	8	1	0	3	0	20	16	0	2	3264	357,341,325,313,289	2,2,2,2,2
4290	85800	149	172	0	0	0	0	3	0	20	16	0	2	2624	276,260,292,232,216	2,2,2,2,1
4291	85820	250	243	1	8	1	0	3	0	20	16	0	2	8448	356,340,356,312,288	2,2,3,2,2
4292	85840	152	127	0	0	1	0	3	0	20	16	0	2	8000	277,261,293,233,217	2,2,2,2,1
4293	85860	140	238	0	0	1	0	3	0	20	16	0	0	6784	237,257,213,237,177	1,2,1,2,1
4294	85880	139	121	0	0	1	0	3	0	20	16	0	0	5504	237,225,213,205,177	1,1,1,1,1
4295	85900	141	112	0	0	0	0	3	0	20	16	0	0	4352	237,225,213,205,177	1,1,1,1,1
4296	85920	136	114	0	0	0	0	3	0	20	16	0	0	2880	237,225,213,205,177	1,1,1,1,1
4297	85940	134	117	0	0	0	0	3	0	20	16	0	0	1280	237,225,213,205,177	1,1,1,1,1
4298	85960	139	109	0	0	0	0	3	0	20	16	0	0	0	225,229,217,209,181	2,1,1,1,1
4299	85980	143	110	0	0	0	0	3	0	20	16	0	0	-1024	228,232,220,212,185	2,1,1,1,1

# --- global stats ---
# alloc_trim histogram: [(0, 2517), (1, 2745), (2, 738)]
# dual_stereo frames: 0/6000
# transient frames: 1431/6000
# intensity histogram: [(16, 6000)]
# avg bytes/frame: ours=157.2 ref=156.6
# realised kbps: ours=63.3 ref=62.6
