# sadie@12k SILK oracle: ours vs ffmpeg-libopus indices (r1)
# mono, 120s, 20ms frames, VBR constrained, 48kHz, Application::Voip
# ours_frames=6000 ref_frames=6001
# sig: 0=unvoiced 2=voiced | per: LTP codebook | nlsf_i: 4=nointerp
# gains/ltp are 4 subframe indices; lag/contour only for voiced

=== second 3 (frames 150–199) ===
frame  side sig qoff gains[4]        nlsf_i lag  cont per ltp[4]         ltpscl seed bytes
  150  O    2   0  [33, 4, 7, 4]   4      40    2   2   [18,31,18,18]   0     0   33
  150  R    2   0  [27, 4, 4, 5]   2      45    7   2   [20,2,2,11]   0     2   30
  151  O    2   0  [42, 3, 3, 5]   4      39    1   0   [3,7,3,7]   0     0   29
  151  R    2   0  [29, 6, 5, 5]   4      43    9   2   [21,4,17,8]   0     3   32
  152  O    2   0  [47, 3, 4, 5]   4      39    3   2   [25,7,18,31]   0     0   21
  152  R    2   0  [33, 5, 4, 5]   3      42    0   2   [8,4,16,12]   0     3   33
  153  O    2   0  [47, 0, 4, 5]   4      40   13   2   [7,25,19,27]   0     0   27
  153  R    2   0  [35, 4, 4, 5]   2      42    0   2   [12,5,2,21]   0     2   28
  154  O    2   0  [47, 0, 0, 1]   4      40    1   2   [25,31,0,3]   0     0   36
  154  R    2   0  [36, 4, 4, 4]   4      41    1   2   [8,3,16,1]   0     3   28
  155  O    2   0  [41, 4, 2, 1]   4      40    4   2   [31,31,7,0]   0     0   36
  155  R    2   0  [36, 6, 3, 1]   4      42    1   1   [11,6,9,9]   0     0   32
  156  O    2   0  [40, 3, 4, 3]   4      39    1   1   [3,15,15,15]   0     0   28
  156  R    2   0  [32, 4, 3, 4]   3      43    6   2   [16,12,24,13]   0     0   31
  157  O    2   0  [39, 2, 4, 4]   4      39    1   2   [7,7,7,27]   0     0   33
  157  R    2   0  [31, 3, 3, 4]   4      44    1   2   [14,0,10,1]   0     2   21
  158  O    2   0  [37, 2, 1, 4]   4      42    1   1   [9,10,15,0]   0     0   27
  158  R    2   0  [28, 4, 3, 3]   2      46    6   1   [6,14,13,12]   0     2   28
  159  O    2   0  [32, 2,15, 4]   4      48    7   0   [3,7,1,1]   0     0   25
  159  R    2   0  [26, 3, 6,12]   1      50    8   0   [4,3,2,0]   0     0   33
  160  O    2   0  [44, 1, 3, 6]   4      42    1   2   [7,0,31,7]   0     0   32
  160  R    2   0  [39, 4, 3, 3]   4      45    1   2   [7,7,0,2]   0     0   32
  161  O    2   0  [40, 3, 2, 4]   4      44    1   1   [15,15,2,15]   0     0   37
  161  R    2   0  [36, 4, 4, 4]   4      46    0   2   [0,14,0,18]   0     3   28
  162  O    2   0  [40, 2, 2, 4]   4      46    1   2   [3,25,31,31]   0     0   22
  162  R    2   0  [35, 4, 3, 3]   4      47    3   1   [2,1,0,2]   0     2   21
  163  O    2   0  [37, 1, 3, 5]   4      50    3   2   [19,18,7,18]   0     0   34
  163  R    2   0  [32, 4, 3, 3]   2      51    8   1   [0,0,0,10]   0     1   23
  164  O    2   0  [35, 3, 3, 4]   4      52    3   1   [15,15,15,3]   0     0   31
  164  R    2   0  [28, 4, 4, 4]   4      54    8   1   [8,0,1,7]   0     0   25
  165  O    2   0  [33, 5, 3, 4]   4      51    3   1   [3,3,3,10]   0     0   25
  165  R    2   0  [28, 4, 4, 4]   4      58    6   1   [10,0,1,14]   0     2   21
  166  O    2   0  [33, 3, 4, 4]   4      50    3   0   [1,1,2,0]   0     0   26
  166  R    2   0  [28, 4, 4, 4]   4      57   11   1   [8,9,12,7]   0     3   34
  167  O    2   0  [33, 4, 3, 4]   4      51    3   1   [3,3,15,15]   0     0   39
  167  R    2   0  [29, 4, 4, 3]   4      55    9   0   [0,5,5,2]   0     2   30
  168  O    2   0  [37, 3, 4, 5]   4      51    3   2   [31,31,7,7]   0     0   32
  168  R    2   0  [28, 5, 4, 4]   4      54    5   0   [0,4,5,3]   0     2   36
  169  O    2   0  [34, 2, 4, 6]   4      54    3   1   [15,0,15,4]   0     0   29
  169  R    2   0  [30, 4, 4, 4]   4      55    4   0   [0,4,2,3]   0     1   33
  170  O    2   0  [38, 5, 4, 3]   4      51    7   0   [0,7,2,4]   0     0   26
  170  R    2   0  [31, 5, 6, 3]   2      55    0   2   [7,28,7,11]   0     0   39
  171  O    2   0  [37, 3, 2, 2]   4      52    3   0   [7,0,0,7]   0     0   23
  171  R    2   0  [33, 3, 4, 3]   4      54    2   0   [6,5,0,0]   0     2   30
  172  O    2   0  [31, 5, 3, 4]   4      52    3   1   [10,10,0,15]   0     0   34
  172  R    2   0  [29, 5, 5, 4]   1      58    7   1   [14,5,12,1]   0     2   29
  173  O    2   0  [31, 5, 3, 3]   4      53    3   2   [31,27,24,7]   0     0   30
  173  R    2   1  [31, 4, 4, 4]   4      60    9   0   [0,2,2,5]   0     1   33
  174  O    2   0  [30, 5, 4, 5]   4      54    3   2   [10,26,20,27]   0     0   31
  174  R    2   1  [31, 4, 4, 4]   4      59    0   2   [7,23,15,23]   0     1   31
  175  O    2   0  [35, 4, 3, 5]   4      51    3   1   [15,8,12,13]   0     0   29
  175  R    2   1  [32, 6, 4, 4]   4      57    9   0   [3,0,0,0]   0     2   30
  176  O    2   0  [37, 1, 4, 4]   4      50    3   2   [30,7,2,18]   0     0   31
  176  R    2   1  [34, 4, 4, 4]   4      58    9   1   [0,2,0,10]   0     3   32
  177  O    2   0  [34, 5, 3, 4]   4      49    7   0   [6,7,7,7]   0     0   28
  177  R    2   1  [34, 4, 4, 4]   4      57    4   0   [0,7,2,3]   0     1   31
  178  O    2   0  [36, 1, 4, 5]   4      47    0   1   [2,12,1,15]   0     0   33
  178  R    2   1  [34, 4, 3, 4]   4      52   14   0   [6,0,3,4]   0     2   29
  179  O    2   0  [37, 2, 5, 3]   4      48    3   2   [30,0,10,27]   0     0   30
  179  R    2   0  [33, 4, 4, 4]   4      53    9   0   [2,0,2,2]   0     1   33
  180  O    2   0  [38, 3, 5, 4]   4      47    4   2   [27,7,7,7]   0     0   25
  180  R    2   0  [32, 4, 4, 4]   4      52    2   0   [2,0,4,5]   0     2   30
  181  O    2   0  [36, 5, 5, 4]   4      47    7   0   [5,0,2,2]   0     0   38
  181  R    2   0  [32, 4, 5, 4]   4      51    2   1   [9,11,9,8]   0     1   38
  182  O    2   0  [39, 5, 3, 4]   4      47    5   0   [7,6,1,1]   0     0   30
  182  R    2   0  [35, 4, 4, 4]   4      51    0   0   [0,6,5,5]   0     0   34
  183  O    2   0  [41, 4, 4, 4]   4      46    1   0   [2,7,1,0]   0     0   25
  183  R    2   0  [35, 4, 4, 4]   4      50    2   1   [9,9,4,12]   0     2   31
  184  O    2   0  [42, 4, 3, 4]   4      47    0   2   [23,30,7,7]   0     0   37
  184  R    2   0  [35, 5, 3, 4]   4      51    0   2   [18,7,1,14]   0     3   31
  185  O    2   0  [44, 2, 1, 6]   4      50    3   2   [31,31,25,25]   0     0   27
  185  R    2   0  [35, 3, 4, 4]   4      51    4   0   [0,4,4,6]   0     1   30
  186  O    2   0  [41, 3, 3, 4]   4      51    3   2   [31,25,25,25]   0     0   29
  186  R    2   0  [34, 4, 4, 3]   4      52    6   1   [12,9,11,12]   0     1   33
  187  O    2   0  [63, 4, 4, 4]   4      51    3   0   [1,1,1,1]   0     0   15
  187  R    2   0  [33, 3, 4, 4]   4      52    1   1   [8,12,12,13]   0     0   30
  188  O    2   0  [16, 0, 0, 0]   4      53    3   1   [3,3,3,15]   0     0   49
  188  R    2   0  [32, 3, 4, 4]   4      53    1   0   [0,4,4,3]   0     1   32
  189  O    2   0  [42, 1, 2, 6]   4      55    3   0   [3,0,3,3]   0     0   39
  189  R    2   0  [31, 4, 4, 4]   4      56    3   0   [0,5,5,5]   0     2   31
  190  O    2   0  [44, 1, 0, 5]   4     146    3   2   [10,18,18,31]   0     0   20
  190  R    2   0  [33, 4, 2, 3]   1      57    3   0   [0,5,4,6]   0     0   28
  191  O    2   0  [41, 1, 5, 0]   4     146    3   2   [7,7,7,7]   0     0   40
  191  R    2   0  [29, 4, 4, 4]   4      57   11   1   [9,8,15,9]   0     1   31
  192  O    2   0  [40, 7, 0, 1]   4     150    3   0   [0,1,0,2]   0     0   26
  192  R    2   0  [29, 4, 4, 4]   2     148   32   2   [7,18,13,7]   0     1   28
  193  O    2   0  [40, 4, 1, 6]   4     151    3   0   [0,2,0,7]   0     0   23
  193  R    2   0  [29, 4, 3, 4]   4     150    0   1   [4,7,14,15]   0     0   26
  194  O    2   0  [44, 0, 1, 0]   4     153    3   2   [18,7,24,7]   0     0   37
  194  R    2   0  [28, 4, 4, 5]   4     153    6   2   [7,24,23,23]   0     1   35
  195  O    2   0  [46, 0, 6, 0]   4     149    3   1   [3,15,3,15]   0     0   23
  195  R    2   0  [29, 4, 4, 5]   4     153   14   2   [7,12,18,23]   0     3   32
  196  O    2   0  [63, 4, 2, 3]   4     147    3   0   [1,0,1,1]   0     0   14
  196  R    2   0  [30, 4, 4, 3]   4     149   14   1   [9,4,12,15]   0     0   25
  197  O    2   0  [18, 0, 0, 0]   4     146    3   0   [0,1,1,1]   0     0   66
  197  R    2   0  [29, 3, 5, 4]   4     148    2   1   [9,8,9,6]   0     2   30
  198  O    2   0  [63, 4, 4, 4]   4     145    3   1   [3,3,3,3]   0     0   14
  198  R    2   0  [30, 3, 4, 4]   4     147    0   2   [7,20,25,23]   0     3   29
  199  O    2   0  [16, 0, 0, 0]   4     144    3   2   [7,7,7,7]   0     0   41
  199  R    2   0  [29, 4, 4, 5]   4     145    5   2   [7,1,18,23]   0     2   29

=== second 39 (frames 1950–1999) ===
frame  side sig qoff gains[4]        nlsf_i lag  cont per ltp[4]         ltpscl seed bytes
 1950  O    2   0  [28, 4, 5, 5]   4     110    3   2   [7,27,7,27]   0     0   35
 1950  R    1   0  [27, 3, 4, 6]   4       -    -   -   [-,-,-,-]   -     3   27
 1951  O    2   0  [37, 7, 1,11]   4      45    8   2   [11,18,25,31]   0     0   25
 1951  R    2   0  [29, 7, 7, 4]   4      45   15   1   [10,11,0,5]   0     1   34
 1952  O    2   0  [40, 2, 4, 3]   4      47    0   0   [1,7,7,0]   0     0   34
 1952  R    2   0  [39, 3, 0, 4]   4      50    3   1   [11,0,2,2]   0     2   27
 1953  O    2   0  [40, 3, 2, 7]   4      49    7   2   [18,18,25,31]   0     0   26
 1953  R    2   0  [33, 4, 4, 3]   3      51    2   1   [7,1,13,2]   0     3   31
 1954  O    2   0  [40, 1, 4, 4]   4      49    3   2   [18,18,31,25]   0     0   33
 1954  R    2   0  [32, 4, 3, 4]   1      51    0   1   [13,2,2,2]   0     1   29
 1955  O    2   0  [39, 0, 6, 5]   4      50    3   0   [3,3,3,3]   0     0   33
 1955  R    2   0  [31, 3, 3, 4]   4      53    3   1   [1,13,0,5]   0     0   27
 1956  O    2   0  [40, 3, 3, 7]   4      50    3   1   [2,15,0,15]   0     0   26
 1956  R    2   0  [29, 4, 5, 4]   2      54    7   2   [10,17,17,10]   0     2   34
 1957  O    2   0  [42, 2, 7, 4]   4      51    3   0   [3,3,0,4]   0     0   29
 1957  R    2   0  [32, 5, 5, 5]   4      54   12   2   [25,15,26,9]   0     0   32
 1958  O    2   0  [43, 0, 3, 6]   4      54    3   2   [7,18,18,31]   0     0   34
 1958  R    2   0  [35, 5, 4, 4]   2      56    3   2   [5,12,22,2]   0     2   23
 1959  O    2   0  [39, 4, 2, 5]   4      55    3   2   [18,20,19,19]   0     0   33
 1959  R    2   0  [36, 4, 4, 3]   4      55    5   0   [6,3,4,3]   0     0   35
 1960  O    2   0  [39, 2, 4, 3]   4      53    3   1   [3,15,15,15]   0     0   23
 1960  R    2   0  [35, 3, 3, 4]   2      55    7   1   [0,8,15,15]   0     1   30
 1961  O    2   0  [34, 0, 1, 2]   4     242    3   1   [12,3,3,3]   0     0   34
 1961  R    2   0  [32, 3, 0, 0]   4      56    9   1   [0,0,15,0]   0     2   31
 1962  O    2   0  [23, 0, 2, 5]   4      51    3   2   [18,7,7,7]   0     0   33
 1962  R    1   1  [22, 3, 1, 2]   4       -    -   -   [-,-,-,-]   -     2   25
 1963  O    0   0  [24, 4, 3,14]   4       -    -   -   [-,-,-,-]   -     0   23
 1963  R    1   0  [17, 7, 4, 4]   4       -    -   -   [-,-,-,-]   -     0   25
 1964  O    0   0  [28, 4, 3, 8]   4       -    -   -   [-,-,-,-]   -     0   26
 1964  R    1   0  [34, 3, 0, 4]   4       -    -   -   [-,-,-,-]   -     1   21
 1965  O    2   0  [32, 3, 4, 5]   4     220    3   0   [1,3,1,6]   0     0   35
 1965  R    1   1  [32, 5, 4, 4]   3       -    -   -   [-,-,-,-]   -     0   28
 1966  O    0   0  [34, 5, 3, 5]   4       -    -   -   [-,-,-,-]   -     0   29
 1966  R    1   1  [33, 4, 5, 4]   2       -    -   -   [-,-,-,-]   -     3   33
 1967  O    2   0  [39, 4, 3, 3]   4      48    7   2   [7,25,7,18]   0     0   32
 1967  R    1   0  [34, 6, 4, 4]   2       -    -   -   [-,-,-,-]   -     0   33
 1968  O    2   0  [40, 5, 0, 5]   4      52    3   1   [0,14,3,0]   0     0   29
 1968  R    2   0  [34, 5, 6, 0]   1      56    9   0   [2,2,5,0]   0     0   34
 1969  O    2   0  [38, 3, 3, 5]   4      53    3   2   [7,18,18,31]   0     0   29
 1969  R    2   0  [32, 3, 4, 4]   4      57    9   1   [7,0,1,15]   0     0   27
 1970  O    2   0  [38, 2, 2, 6]   4      54    3   1   [0,15,15,15]   0     0   33
 1970  R    2   0  [30, 4, 3, 4]   3      58    7   1   [5,0,1,2]   0     0   26
 1971  O    2   0  [41, 1, 2, 6]   4      56    3   2   [18,7,7,7]   0     0   37
 1971  R    2   0  [28, 4, 4, 4]   4      57    1   1   [0,2,1,6]   0     0   30
 1972  O    2   0  [43, 0, 0, 1]   4      57    3   2   [31,7,18,18]   0     0   35
 1972  R    2   0  [28, 4, 3, 4]   4      59    4   1   [1,14,2,7]   0     0   22
 1973  O    2   0  [44, 1, 6, 2]   4      57    3   0   [0,0,0,0]   0     0   17
 1973  R    2   0  [26, 4, 4, 4]   4      59    4   2   [10,25,2,10]   0     3   29
 1974  O    2   0  [44, 2, 0, 6]   4      59    3   1   [15,3,3,3]   0     0   57
 1974  R    2   0  [26, 6, 5, 4]   4      60    2   2   [27,16,12,16]   0     0   25
 1975  O    2   0  [49, 0, 0, 1]   4      58    3   2   [7,7,18,25]   0     0   17
 1975  R    2   0  [29, 4, 3, 3]   4      59    2   2   [16,16,14,5]   0     0   23
 1976  O    2   0  [43, 2, 0, 1]   4     147    3   1   [15,2,10,2]   0     0   25
 1976  R    2   0  [27, 5, 4, 4]   4      58    1   2   [19,26,10,20]   0     2   26
 1977  O    2   0  [41, 0, 4, 3]   4      56    3   0   [1,0,3,7]   0     0   33
 1977  R    2   0  [28, 3, 4, 4]   4      57    2   2   [26,5,5,15]   0     1   19
 1978  O    2   0  [40, 0, 3, 5]   4      56    3   1   [2,2,15,0]   0     0   23
 1978  R    2   0  [27, 4, 4, 4]   4      57    4   2   [24,13,4,19]   0     1   21
 1979  O    2   0  [35, 2, 0, 1]   4      56    3   2   [25,31,0,18]   0     0   36
 1979  R    2   0  [28, 4, 3, 4]   2      57    0   2   [2,2,24,1]   0     1   20
 1980  O    2   0  [42, 6, 1,10]   4     219    3   0   [1,1,1,0]   0     0   44
 1980  R    2   0  [26, 3, 4, 5]   1      55   11   2   [2,19,28,7]   0     2   30
 1981  O    2   0  [50, 3, 0, 3]   4     143    3   0   [1,1,1,3]   0     0   17
 1981  R    2   0  [31, 2, 9, 3]   4     149    5   2   [7,7,28,28]   0     1   33
 1982  O    2   0  [43, 0, 7, 0]   4     155    3   1   [3,10,2,0]   0     0   18
 1982  R    2   0  [33, 6, 1, 5]   4     153   13   2   [2,7,30,22]   0     2   31
 1983  O    2   0  [40, 0, 0, 0]   4     142    3   1   [3,15,3,3]   0     0   41
 1983  R    2   0  [31, 4, 2, 2]   2     144   17   2   [10,2,25,18]   0     0   21
 1984  O    2   0  [36, 2, 1, 1]   4     106    3   2   [7,7,10,7]   0     0   24
 1984  R    2   0  [27, 2, 3, 4]   4     145   13   0   [0,0,2,0]   0     1   27
 1985  O    2   0  [32, 0, 7, 8]   4     105    3   1   [3,3,0,10]   0     0   31
 1985  R    1   0  [23, 1, 4, 8]   3       -    -   -   [-,-,-,-]   -     0   27
 1986  O    2   0  [27, 0, 3, 9]   4      35    7   0   [1,1,1,5]   0     0   28
 1986  R    1   0  [28, 0, 0, 2]   4       -    -   -   [-,-,-,-]   -     3   27
 1987  O    2   0  [25, 0,11, 3]   4     221    3   2   [7,7,21,0]   0     0   30
 1987  R    1   0  [19, 4, 2, 9]   4       -    -   -   [-,-,-,-]   -     1   26
 1988  O    2   0  [24, 1, 1, 1]   4     193    3   0   [1,1,1,1]   0     0   17
 1988  R    1   0  [22, 0, 0, 2]   4       -    -   -   [-,-,-,-]   -     1   23
 1989  O    2   0  [12, 3, 4, 3]   4     173    3   1   [3,15,15,3]   0     0   30
 1989  R    0   1  [12, 4, 4, 4]   4       -    -   -   [-,-,-,-]   -     2   21
 1990  O    2   0  [11, 5, 2, 4]   4      26   17   2   [7,18,7,7]   0     0   40
 1990  R    0   1  [12, 4, 4, 4]   4       -    -   -   [-,-,-,-]   -     0   19
 1991  O    2   0  [10, 4, 4, 4]   4     237    3   2   [7,7,7,7]   0     0   28
 1991  R    0   1  [11, 3, 4, 4]   4       -    -   -   [-,-,-,-]   -     0   20
 1992  O    2   0  [ 9, 3, 4, 4]   4     129    3   1   [10,3,2,3]   0     0   25
 1992  R    0   1  [10, 4, 3, 4]   4       -    -   -   [-,-,-,-]   -     0   20
 1993  O    2   0  [ 7, 4, 5, 3]   4     230    3   0   [0,1,1,0]   0     0   28
 1993  R    0   1  [ 9, 4, 4, 4]   4       -    -   -   [-,-,-,-]   -     1   20
 1994  O    2   0  [ 6, 5, 3, 4]   4     174    3   2   [7,31,7,7]   0     0   34
 1994  R    0   1  [ 9, 4, 4, 4]   4       -    -   -   [-,-,-,-]   -     0   21
 1995  O    2   0  [ 5, 4, 5, 5]   4     234    3   1   [15,3,7,10]   0     0   30
 1995  R    0   1  [ 8, 4, 4, 4]   4       -    -   -   [-,-,-,-]   -     3   16
 1996  O    2   0  [30, 0, 8, 8]   4      24    1   2   [24,7,31,28]   0     0   31
 1996  R    1   0  [18,11, 3, 8]   4       -    -   -   [-,-,-,-]   -     0   21
 1997  O    2   0  [38, 3, 6, 2]   4      47    0   2   [3,18,25,25]   0     0   30
 1997  R    2   0  [31, 5, 4, 6]   4      48    1   2   [7,15,10,29]   0     1   38
 1998  O    2   0  [40, 3, 3, 5]   4      49    3   1   [15,13,2,2]   0     0   32
 1998  R    2   0  [34, 4, 4, 4]   4      50    3   2   [23,1,29,3]   0     1   34
 1999  O    2   0  [44, 2, 3, 2]   4      50    3   2   [31,25,25,31]   0     0   25
 1999  R    2   0  [34, 4, 4, 4]   4      51    3   2   [3,1,6,3]   0     0   20

=== second 51 (frames 2550–2599) ===
frame  side sig qoff gains[4]        nlsf_i lag  cont per ltp[4]         ltpscl seed bytes
 2550  O    2   0  [44, 2, 6, 4]   4      39    1   1   [0,3,3,0]   0     0   42
 2550  R    2   0  [29, 4, 5, 6]   4      39    8   2   [0,0,0,29]   0     1   33
 2551  O    2   0  [63, 4, 4, 4]   4      41    1   1   [0,3,3,3]   0     0   14
 2551  R    2   0  [32, 4, 4, 5]   1      42    3   2   [16,22,4,8]   0     1   31
 2552  O    2   0  [63, 4, 4, 4]   4      42   11   0   [1,1,1,1]   0     0   14
 2552  R    2   0  [34, 4, 4, 4]   1      43    0   2   [13,16,3,4]   0     3   29
 2553  O    2   0  [16, 0, 0, 0]   4      43    1   0   [1,0,2,2]   0     0   60
 2553  R    2   0  [34, 4, 4, 4]   3      44    3   2   [3,13,16,6]   0     0   33
 2554  O    2   0  [47, 0, 2, 6]   4      43    2   1   [14,5,0,1]   0     0   24
 2554  R    2   0  [34, 4, 4, 4]   4      44    0   2   [4,9,13,0]   0     3   33
 2555  O    2   0  [47, 0, 1, 5]   4      42    1   2   [25,31,25,18]   0     0   25
 2555  R    2   0  [33, 4, 4, 4]   1      44    0   2   [12,9,16,1]   0     1   27
 2556  O    2   0  [43, 0, 5, 2]   4      41    2   2   [31,18,31,31]   0     0   28
 2556  R    2   0  [33, 4, 3, 4]   4      44    0   2   [20,13,22,2]   0     0   25
 2557  O    2   0  [39, 1, 6, 4]   4      41   17   2   [10,25,31,7]   0     0   30
 2557  R    2   0  [31, 4, 4, 4]   4      44    3   2   [3,2,2,2]   0     1   22
 2558  O    2   0  [39, 2, 5, 4]   4      40    2   2   [18,18,31,31]   0     0   33
 2558  R    2   0  [31, 4, 4, 4]   4      43    5   2   [5,4,3,1]   0     3   29
 2559  O    2   0  [43, 3, 1, 2]   4      39    1   1   [15,15,2,15]   0     0   26
 2559  R    2   0  [31, 3, 4, 4]   4      42    5   2   [10,3,3,8]   0     0   26
 2560  O    2   0  [41, 4, 0, 3]   4      39    1   2   [31,25,25,25]   0     0   21
 2560  R    2   0  [30, 4, 4, 4]   4      42    0   2   [3,6,14,14]   0     0   23
 2561  O    2   0  [37, 3, 2, 5]   4      38    1   2   [7,18,31,31]   0     0   33
 2561  R    2   0  [29, 4, 4, 4]   4      42    0   2   [4,22,1,2]   0     3   32
 2562  O    2   0  [38, 4, 4, 4]   4      37    1   2   [18,18,31,30]   0     0   31
 2562  R    2   0  [29, 3, 4, 4]   4      42    0   2   [1,1,5,2]   0     1   18
 2563  O    2   0  [39, 3, 3, 5]   4      37    1   1   [10,10,15,10]   0     0   30
 2563  R    2   0  [28, 4, 4, 4]   4      42    0   2   [1,17,16,17]   0     0   27
 2564  O    2   0  [36, 3, 4, 4]   4      37    1   1   [15,3,15,15]   0     0   34
 2564  R    2   0  [28, 4, 4, 4]   4      42    0   2   [1,13,17,5]   0     0   24
 2565  O    2   0  [39, 2, 4, 5]   4      37    1   2   [7,18,18,18]   0     0   27
 2565  R    2   0  [28, 4, 4, 4]   2      42    0   2   [16,0,8,15]   0     1   21
 2566  O    2   0  [37, 2, 3, 3]   4      38    1   2   [30,27,30,31]   0     0   38
 2566  R    2   0  [28, 4, 4, 4]   1      43    3   2   [6,2,1,20]   0     3   25
 2567  O    2   0  [34, 3, 3, 1]   4      39    1   1   [3,3,9,15]   0     0   30
 2567  R    2   0  [28, 2, 4, 4]   4      43    1   0   [4,4,3,7]   0     1   37
 2568  O    2   0  [32, 2, 6, 7]   4      40   17   0   [3,5,0,5]   0     0   27
 2568  R    2   0  [25, 4, 6, 6]   2      48    3   1   [0,1,12,3]   0     2   34
 2569  O    2   0  [27, 0, 3, 1]   4      38    2   2   [7,7,7,7]   0     0   29
 2569  R    1   0  [29, 0, 1, 4]   4       -    -   -   [-,-,-,-]   -     1   24
 2570  O    2   0  [17, 2, 3, 2]   4      40   17   2   [7,7,7,7]   0     0   29
 2570  R    1   0  [19, 2, 2, 2]   4       -    -   -   [-,-,-,-]   -     2   19
 2571  O    2   0  [25,20, 0, 7]   4     145    3   2   [7,25,11,26]   0     0   31
 2571  R    1   0  [12,21,12, 5]   0       -    -   -   [-,-,-,-]   -     3   34
 2572  O    2   0  [45, 6, 3, 4]   4     241    3   2   [31,19,27,30]   0     0   26
 2572  R    1   0  [40, 7, 6, 4]   4       -    -   -   [-,-,-,-]   -     1   27
 2573  O    1   1  [45, 3, 3, 3]   4       -    -   -   [-,-,-,-]   -     0   26
 2573  R    1   1  [45, 4, 4, 3]   4       -    -   -   [-,-,-,-]   -     3   31
 2574  O    2   0  [42, 0, 1, 6]   4      28    4   0   [1,1,1,7]   0     0   37
 2574  R    1   0  [43, 3, 1, 4]   4       -    -   -   [-,-,-,-]   -     3   27
 2575  O    2   0  [38, 3, 0, 3]   4      41   17   1   [12,1,10,15]   0     0   29
 2575  R    1   0  [37, 3, 2, 1]   4       -    -   -   [-,-,-,-]   -     2   28
 2576  O    2   0  [28, 3, 3, 2]   4      47    0   1   [0,0,12,12]   0     0   30
 2576  R    1   1  [28, 3, 2, 3]   4       -    -   -   [-,-,-,-]   -     0   35
 2577  O    2   0  [24, 4, 1, 3]   4      45    1   2   [18,19,27,7]   0     0   30
 2577  R    1   1  [23, 4, 3, 3]   4       -    -   -   [-,-,-,-]   -     0   27
 2578  O    2   0  [17, 2, 4, 4]   4     226    3   1   [3,3,3,12]   0     0   28
 2578  R    1   1  [19, 3, 3, 3]   2       -    -   -   [-,-,-,-]   -     0   26
 2579  O    2   0  [15, 2, 2, 5]   4     195    3   2   [7,7,7,7]   0     0   31
 2579  R    0   1  [16, 4, 3, 2]   4       -    -   -   [-,-,-,-]   -     0   19
 2580  O    2   0  [38, 6, 0, 7]   4      23   12   2   [31,7,7,25]   0     0   32
 2580  R    1   0  [26,11, 7, 3]   4       -    -   -   [-,-,-,-]   -     0   30
 2581  O    2   0  [44, 4, 4, 5]   4      39   13   2   [27,25,7,7]   0     0   30
 2581  R    2   0  [35, 6, 4, 4]   4      44   10   1   [3,1,2,2]   0     0   38
 2582  O    2   0  [45, 4, 9, 0]   4      46   12   0   [7,3,7,2]   0     0   28
 2582  R    2   0  [38, 5, 5, 9]   2      47    1   2   [18,10,22,10]   0     1   35
 2583  O    2   0  [46, 1, 4, 3]   4      48    3   2   [25,2,0,19]   0     0   33
 2583  R    2   0  [45, 0, 4, 3]   2      48    3   2   [0,15,1,3]   0     3   22
 2584  O    2   0  [43, 1, 4, 6]   4      48    3   2   [25,4,0,28]   0     0   29
 2584  R    2   0  [40, 3, 4, 4]   4      48    0   2   [3,3,15,0]   0     3   20
 2585  O    2   0  [44, 2, 5, 3]   4      47    0   2   [25,18,4,3]   0     0   28
 2585  R    2   0  [39, 4, 4, 4]   4      48    0   1   [1,1,1,1]   0     3   24
 2586  O    2   0  [46, 0, 4, 4]   4      46    1   0   [3,4,2,7]   0     0   31
 2586  R    2   0  [39, 3, 4, 3]   1      47    5   2   [10,10,10,19]   0     2   28
 2587  O    2   0  [43, 0, 0, 3]   4      48    3   1   [9,3,10,0]   0     0   33
 2587  R    2   0  [36, 2, 0, 2]   4      47    8   0   [3,0,0,3]   0     0   37
 2588  O    2   0  [33, 4, 0, 3]   4      47    4   2   [25,18,7,18]   0     0   30
 2588  R    2   0  [26, 3, 7, 3]   1      48    9   1   [10,0,14,0]   0     0   39
 2589  O    2   0  [37, 1, 0, 2]   4      47   12   0   [3,0,1,2]   0     0   30
 2589  R    2   0  [26, 9, 3, 0]   4      48    8   0   [3,0,0,0]   0     0   32
 2590  O    2   0  [32, 5, 0, 7]   4      40   11   0   [4,1,1,1]   0     0   28
 2590  R    2   1  [24, 8, 8, 0]   1      52   22   1   [0,3,0,3]   0     1   27
 2591  O    2   0  [29, 7,11, 0]   4     226    3   1   [3,12,3,2]   0     0   30
 2591  R    1   0  [30, 4, 7, 9]   4       -    -   -   [-,-,-,-]   -     0   30
 2592  O    2   0  [39, 8, 2, 5]   4      51    7   1   [13,3,2,15]   0     0   35
 2592  R    1   0  [37, 2, 5, 4]   2       -    -   -   [-,-,-,-]   -     2   33
 2593  O    2   0  [44, 2, 3, 6]   4      52    3   0   [7,3,7,7]   0     0   30
 2593  R    2   0  [35, 4, 4, 4]   4      54    3   2   [0,1,0,14]   0     3   22
 2594  O    2   0  [45, 6, 0, 0]   4      57    3   2   [10,29,15,18]   0     0   27
 2594  R    2   0  [35, 6, 6, 3]   4      56    1   2   [2,2,28,3]   0     0   24
 2595  O    2   0  [43, 0, 3, 1]   4     147    3   2   [7,7,7,7]   0     0   43
 2595  R    2   0  [35, 1, 3, 2]   3      57    0   1   [0,12,15,14]   0     3   32
 2596  O    2   0  [50, 0, 0, 0]   4     229    3   0   [1,1,1,1]   0     0   31
 2596  R    2   0  [29,12, 4, 0]   1     137   18   1   [3,1,0,3]   0     0   34
 2597  O    2   0  [63, 4, 4, 4]   4     200    3   0   [1,1,1,1]   0     0   15
 2597  R    1   0  [29, 3, 1, 4]   4       -    -   -   [-,-,-,-]   -     2   24
 2598  O    2   0  [52, 0, 0, 0]   4     210    3   0   [1,1,1,1]   0     0   35
 2598  R    2   0  [27, 1, 9, 5]   4     206   24   2   [3,10,19,29]   0     1   35
 2599  O    2   0  [54, 0, 0, 0]   4     146    3   0   [1,1,1,1]   0     0   16
 2599  R    2   0  [26, 4, 4, 2]   4     183    5   1   [3,7,7,0]   0     2   30

=== second 5 (frames 250–299) ===
frame  side sig qoff gains[4]        nlsf_i lag  cont per ltp[4]         ltpscl seed bytes
  250  O    2   0  [35, 3, 2, 5]   4      57    3   0   [4,7,3,3]   0     0   23
  250  R    2   0  [26, 4, 4, 3]   4      60    5   2   [5,13,7,20]   0     2   32
  251  O    2   0  [29, 6, 4, 3]   4      58    3   0   [3,3,7,0]   0     0   32
  251  R    2   0  [25, 4, 3, 3]   0      62    2   2   [18,5,26,24]   0     3   24
  252  O    2   0  [30, 4, 3, 3]   4      58    3   0   [3,2,7,0]   0     0   26
  252  R    2   0  [23, 4, 4, 4]   2      62    1   1   [1,13,0,0]   0     2   27
  253  O    2   0  [28, 2, 3, 5]   4      59    3   1   [3,9,3,12]   0     0   36
  253  R    2   0  [22, 4, 4, 4]   4      64    0   2   [18,23,18,18]   0     2   31
  254  O    2   0  [26, 3, 6, 5]   4      60    3   0   [7,7,4,7]   0     0   31
  254  R    2   0  [22, 3, 4, 4]   1      66    5   2   [10,10,18,19]   0     3   27
  255  O    2   0  [29, 2, 2, 5]   4      58    3   0   [0,7,3,2]   0     0   29
  255  R    2   0  [21, 4, 4, 4]   4      62   20   0   [7,0,7,3]   0     1   35
  256  O    2   0  [30, 1, 7, 1]   4     137    3   2   [7,7,7,7]   0     0   33
  256  R    2   0  [21, 5, 3, 5]   4      64   22   0   [0,0,0,0]   0     3   39
  257  O    2   0  [30, 1, 7, 2]   4     136    3   1   [3,3,12,15]   0     0   28
  257  R    2   0  [22, 4, 4, 4]   4     143    1   1   [10,2,0,11]   0     0   19
  258  O    2   0  [28, 7, 0, 5]   4     138    3   1   [0,9,12,3]   0     0   29
  258  R    2   0  [22, 4, 5, 4]   1     144    7   1   [7,0,7,10]   0     0   27
  259  O    2   0  [28, 9, 0, 1]   4     210    3   1   [3,15,3,3]   0     0   31
  259  R    2   0  [23, 5, 7, 2]   4     133   14   2   [7,7,28,7]   0     0   33
  260  O    2   0  [28, 2, 7, 1]   4     120    3   0   [7,1,0,2]   0     0   30
  260  R    1   0  [22, 5, 4, 5]   4       -    -   -   [-,-,-,-]   -     1   27
  261  O    2   0  [28, 2, 4,10]   4     114    3   0   [1,0,5,7]   0     0   29
  261  R    1   0  [24, 2, 4, 5]   4       -    -   -   [-,-,-,-]   -     1   22
  262  O    2   0  [27, 0, 3, 3]   4      14    2   2   [7,7,19,7]   0     0   29
  262  R    1   0  [28, 1, 0, 4]   4       -    -   -   [-,-,-,-]   -     1   23
  263  O    2   0  [22, 3, 4, 4]   4      32    8   2   [7,7,7,10]   0     0   29
  263  R    1   1  [19, 3, 4, 4]   4       -    -   -   [-,-,-,-]   -     2   31
  264  O    2   0  [26, 1, 3, 5]   4     199    3   1   [10,12,3,3]   0     0   28
  264  R    1   0  [18, 6, 4, 3]   4       -    -   -   [-,-,-,-]   -     1   29
  265  O    2   0  [21, 0, 1, 4]   4     234    3   1   [3,3,3,3]   0     0   31
  265  R    0   1  [19, 2, 2, 2]   4       -    -   -   [-,-,-,-]   -     0   25
  266  O    0   0  [10, 2, 6, 2]   4       -    -   -   [-,-,-,-]   -     0   26
  266  R    0   1  [12, 3, 3, 4]   4       -    -   -   [-,-,-,-]   -     1   20
  267  O    2   0  [ 8, 5, 2, 4]   4     217    3   2   [7,7,7,7]   0     0   32
  267  R    0   1  [10, 4, 3, 4]   4       -    -   -   [-,-,-,-]   -     1   20
  268  O    2   0  [ 8, 4, 4, 3]   4     215    3   0   [4,0,1,0]   0     0   29
  268  R    0   1  [ 9, 4, 4, 4]   4       -    -   -   [-,-,-,-]   -     3   21
  269  O    2   0  [ 8, 3, 4, 5]   4     197    3   2   [7,7,27,7]   0     0   34
  269  R    0   1  [ 9, 4, 4, 4]   0       -    -   -   [-,-,-,-]   -     1   18
  270  O    2   0  [ 9, 5, 2, 6]   4     107    3   2   [7,24,3,18]   0     0   28
  270  R    0   1  [ 9, 4, 4, 4]   4       -    -   -   [-,-,-,-]   -     2   19
  271  O    0   0  [10, 2, 4, 5]   4       -    -   -   [-,-,-,-]   -     0   32
  271  R    0   1  [ 9, 5, 4, 4]   4       -    -   -   [-,-,-,-]   -     1   23
  272  O    2   0  [12, 3, 4, 6]   4     195    3   0   [1,0,0,1]   0     0   27
  272  R    0   1  [10, 4, 4, 5]   4       -    -   -   [-,-,-,-]   -     0   24
  273  O    2   0  [12, 4, 4, 4]   4     224    3   2   [0,7,31,7]   0     0   32
  273  R    0   1  [12, 4, 4, 4]   4       -    -   -   [-,-,-,-]   -     0   20
  274  O    2   0  [14, 3, 4, 5]   4      82    3   2   [7,7,7,25]   0     0   25
  274  R    0   1  [12, 4, 4, 4]   4       -    -   -   [-,-,-,-]   -     0   22
  275  O    2   0  [12, 4, 3, 3]   4      84    3   1   [9,10,12,15]   0     0   34
  275  R    0   1  [12, 4, 4, 4]   4       -    -   -   [-,-,-,-]   -     0   22
  276  O    2   0  [11, 5, 2, 4]   4     225    3   1   [3,3,3,12]   0     0   30
  276  R    0   1  [12, 4, 4, 3]   4       -    -   -   [-,-,-,-]   -     0   20
  277  O    2   0  [10, 5, 4, 3]   4     240    3   2   [7,2,7,7]   0     0   32
  277  R    0   1  [11, 4, 4, 4]   4       -    -   -   [-,-,-,-]   -     0   22
  278  O    2   0  [12, 3, 4, 5]   4      80    3   0   [3,0,0,1]   0     0   25
  278  R    0   1  [11, 4, 4, 4]   4       -    -   -   [-,-,-,-]   -     3   21
  279  O    2   0  [10, 4, 5, 2]   4     253    3   0   [0,1,1,1]   0     0   30
  279  R    0   1  [11, 4, 4, 4]   4       -    -   -   [-,-,-,-]   -     2   19
  280  O    2   0  [10, 5, 3, 4]   4     152    3   0   [1,3,0,1]   0     0   30
  280  R    0   1  [11, 4, 4, 4]   4       -    -   -   [-,-,-,-]   -     0   15
  281  O    2   0  [11, 3, 4, 4]   4     172    3   0   [1,1,1,0]   0     0   35
  281  R    0   1  [11, 4, 4, 4]   4       -    -   -   [-,-,-,-]   -     0   23
  282  O    2   0  [ 9, 4, 4, 2]   4     247    3   2   [7,7,7,30]   0     0   29
  282  R    0   1  [11, 3, 4, 4]   4       -    -   -   [-,-,-,-]   -     3   22
  283  O    2   0  [ 7, 3, 5, 3]   4     247    3   0   [1,1,1,0]   0     0   27
  283  R    0   1  [ 9, 4, 4, 4]   4       -    -   -   [-,-,-,-]   -     0   16
  284  O    2   0  [ 6, 3, 4, 4]   4     155    3   0   [7,1,1,1]   0     0   32
  284  R    0   1  [ 8, 4, 4, 4]   4       -    -   -   [-,-,-,-]   -     3   20
  285  O    2   0  [ 8, 4, 4, 4]   4     188    3   0   [1,1,3,0]   0     0   26
  285  R    0   1  [ 8, 4, 4, 4]   1       -    -   -   [-,-,-,-]   -     0   21
  286  O    2   0  [ 7, 4, 4, 3]   4     236    3   2   [7,7,7,7]   0     0   34
  286  R    0   1  [ 8, 4, 4, 4]   4       -    -   -   [-,-,-,-]   -     3   17
  287  O    2   0  [ 8, 4, 4, 5]   4      84    3   0   [1,0,3,0]   0     0   25
  287  R    0   1  [ 8, 4, 4, 4]   4       -    -   -   [-,-,-,-]   -     2   21
  288  O    2   0  [ 6, 4, 4, 4]   4      54    3   2   [7,7,7,25]   0     0   33
  288  R    0   1  [ 8, 4, 4, 4]   4       -    -   -   [-,-,-,-]   -     0   24
  289  O    2   0  [ 7, 4, 6, 2]   4     246    3   0   [7,2,1,1]   0     0   30
  289  R    0   1  [ 8, 4, 4, 5]   4       -    -   -   [-,-,-,-]   -     1   24
  290  O    2   0  [ 8, 3, 5, 3]   4     194    3   2   [7,7,30,20]   0     0   27
  290  R    0   1  [ 9, 4, 4, 4]   4       -    -   -   [-,-,-,-]   -     0   15
  291  O    2   0  [ 5, 5, 4, 5]   4     171    3   2   [18,7,7,20]   0     0   36
  291  R    0   1  [ 8, 4, 4, 4]   4       -    -   -   [-,-,-,-]   -     1   19
  292  O    2   0  [ 7, 3, 6, 4]   4     101    3   1   [3,10,3,3]   0     0   31
  292  R    0   1  [ 8, 4, 4, 5]   2       -    -   -   [-,-,-,-]   -     2   21
  293  O    2   0  [ 9, 3, 4, 5]   4       0   11   0   [1,1,1,1]   0     0   24
  293  R    0   1  [ 9, 4, 4, 4]   0       -    -   -   [-,-,-,-]   -     2   16
  294  O    2   0  [ 7, 5, 3, 4]   4     252    3   1   [3,10,3,15]   0     0   28
  294  R    0   1  [ 9, 4, 4, 4]   4       -    -   -   [-,-,-,-]   -     0   17
  295  O    2   0  [ 6, 4, 4, 3]   4       0    4   0   [3,0,1,0]   0     0   31
  295  R    0   1  [ 9, 3, 4, 4]   2       -    -   -   [-,-,-,-]   -     0   18
  296  O    2   0  [10, 9,16, 0]   4     216    3   0   [0,1,7,2]   0     0   33
  296  R    1   0  [ 8, 4,14,12]   1       -    -   -   [-,-,-,-]   -     3   21
  297  O    1   0  [29, 0, 6, 3]   4       -    -   -   [-,-,-,-]   -     0   34
  297  R    1   0  [26, 7, 4, 3]   0       -    -   -   [-,-,-,-]   -     0   22
  298  O    2   0  [32, 4, 5, 5]   4      44    1   2   [1,18,7,7]   0     0   30
  298  R    1   0  [28, 5, 4, 5]   4       -    -   -   [-,-,-,-]   -     2   28
  299  O    2   0  [34, 0, 2, 5]   4      51    3   1   [10,3,0,0]   0     0   30
  299  R    2   0  [29, 4, 2, 3]   4      54   13   0   [3,2,0,2]   0     0   34

=== second 1 (frames 50–99) ===
frame  side sig qoff gains[4]        nlsf_i lag  cont per ltp[4]         ltpscl seed bytes
   50  O    0   0  [17, 3, 3, 3]   4       -    -   -   [-,-,-,-]   -     0   27
   50  R    0   0  [16, 4, 4, 4]   4       -    -   -   [-,-,-,-]   -     2   22
   51  O    0   0  [15, 4, 3, 4]   4       -    -   -   [-,-,-,-]   -     0   31
   51  R    0   1  [16, 4, 4, 3]   4       -    -   -   [-,-,-,-]   -     0   22
   52  O    2   0  [15, 2, 6, 3]   4     224    3   1   [3,3,3,13]   0     0   32
   52  R    0   1  [15, 4, 3, 4]   4       -    -   -   [-,-,-,-]   -     0   27
   53  O    2   0  [16, 4, 5, 5]   4       3    2   2   [7,18,18,25]   0     0   27
   53  R    0   1  [14, 4, 4, 6]   1       -    -   -   [-,-,-,-]   -     0   26
   54  O    2   0  [21, 4, 2, 5]   4       4    8   0   [7,0,1,1]   0     0   38
   54  R    1   0  [17, 6, 4, 3]   4       -    -   -   [-,-,-,-]   -     0   27
   55  O    2   0  [19, 2, 5, 1]   4     190    3   0   [1,7,1,1]   0     0   23
   55  R    0   1  [18, 3, 4, 3]   4       -    -   -   [-,-,-,-]   -     3   25
   56  O    2   0  [14, 6, 5, 6]   4       7   10   2   [27,7,7,30]   0     0   33
   56  R    0   1  [14, 4, 5, 5]   4       -    -   -   [-,-,-,-]   -     1   27
   57  O    2   0  [23, 5, 3, 9]   4      19   12   2   [10,19,10,8]   0     0   24
   57  R    1   1  [18, 6, 4, 4]   4       -    -   -   [-,-,-,-]   -     0   31
   58  O    2   0  [33, 0, 7, 3]   4     244    3   0   [7,1,4,4]   0     0   37
   58  R    1   0  [27, 7, 1, 7]   4       -    -   -   [-,-,-,-]   -     2   25
   59  O    2   0  [36, 6, 3, 2]   4      29    2   2   [8,31,18,31]   0     0   29
   59  R    2   0  [30, 6, 5, 4]   4      31    1   2   [3,29,24,5]   0     2   29
   60  O    2   0  [38, 2, 7, 4]   4      28    2   2   [18,31,31,31]   0     0   32
   60  R    2   0  [32, 4, 5, 5]   4      31    5   2   [1,22,16,11]   0     2   28
   61  O    2   0  [45, 0, 0, 7]   4      29    1   2   [31,31,25,18]   0     0   28
   61  R    2   0  [35, 4, 4, 3]   2      31    6   2   [8,29,19,4]   0     0   21
   62  O    2   0  [39, 0, 2, 0]   4      32   22   0   [2,0,3,1]   0     0   26
   62  R    2   0  [34, 3, 2, 3]   4      37   19   1   [1,12,10,3]   0     2   31
   63  O    2   0  [30, 5, 2, 0]   4     227    3   2   [7,7,7,7]   0     0   33
   63  R    2   0  [28, 4, 4, 4]   2      91   15   1   [3,9,11,6]   0     1   31
   64  O    2   0  [29, 2,16, 0]   4     255    3   0   [1,1,1,1]   0     0   32
   64  R    1   0  [25, 5, 9,12]   4       -    -   -   [-,-,-,-]   -     3   32
   65  O    2   0  [34, 0, 0,18]   4     224    3   1   [3,3,3,4]   0     0   28
   65  R    1   0  [35, 0, 0, 6]   4       -    -   -   [-,-,-,-]   -     1   19
   66  O    2   0  [37,10, 4, 7]   4     240    3   1   [14,10,3,4]   0     0   32
   66  R    1   0  [34, 4, 7, 6]   4       -    -   -   [-,-,-,-]   -     2   29
   67  O    2   0  [47, 0, 0, 5]   4      28    2   2   [7,7,7,0]   0     0   27
   67  R    2   0  [40, 3, 2, 2]   4      32    1   2   [23,3,0,0]   0     3   33
   68  O    2   0  [42, 2, 5, 5]   4      30    2   1   [15,2,10,15]   0     0   35
   68  R    2   0  [35, 4, 4, 5]   4      33    4   2   [16,3,10,2]   0     3   34
   69  O    2   0  [44, 4, 4, 5]   4      28    2   1   [10,10,10,0]   0     0   27
   69  R    2   0  [36, 5, 4, 5]   4      32    2   2   [18,10,22,12]   0     3   36
   70  O    2   0  [46, 3, 4, 6]   4      26    1   2   [0,23,31,7]   0     0   29
   70  R    2   0  [39, 5, 4, 3]   4      31    9   2   [2,0,2,0]   0     1   30
   71  O    2   0  [50, 0, 1, 6]   4      30    1   2   [0,6,21,0]   0     0   26
   71  R    2   0  [39, 4, 4, 4]   1      31    3   2   [14,2,2,1]   0     1   31
   72  O    2   0  [47, 2, 2, 5]   4      31    8   0   [3,3,3,4]   0     0   39
   72  R    2   0  [40, 4, 4, 4]   4      32    6   2   [15,22,0,22]   0     2   24
   73  O    2   0  [48, 2, 4, 5]   4      35    8   1   [4,1,14,7]   0     0   22
   73  R    2   0  [40, 5, 4, 4]   1      35    8   1   [1,1,1,7]   0     0   24
   74  O    2   0  [48, 6, 0, 5]   4      39    1   1   [7,2,5,4]   0     0   30
   74  R    2   0  [41, 5, 7, 5]   1      38    8   2   [24,28,13,16]   0     2   27
   75  O    2   0  [47, 0, 0, 5]   4      42    8   2   [1,5,14,0]   0     0   35
   75  R    2   0  [46, 3, 3, 2]   4      41    1   2   [5,5,5,25]   0     0   25
   76  O    2   0  [44, 4, 3, 6]   4      48    3   1   [5,1,15,15]   0     0   26
   76  R    2   0  [41, 3, 4, 3]   4      47   15   2   [0,3,15,20]   0     2   33
   77  O    2   0  [47, 1, 4, 4]   4      50    3   0   [1,3,4,2]   0     0   31
   77  R    2   0  [39, 4, 4, 4]   3      51    0   2   [1,24,3,4]   0     0   32
   78  O    2   0  [47, 1, 4, 4]   4      45    2   1   [15,15,2,5]   1     0   29
   78  R    2   0  [39, 5, 4, 4]   1      48   16   2   [2,16,1,4]   0     1   29
   79  O    2   0  [50, 3, 3, 2]   4      43    1   2   [4,25,30,11]   0     0   21
   79  R    2   0  [41, 6, 4, 4]   4      44    9   2   [29,26,16,13]   0     1   28
   80  O    2   0  [49, 0, 0, 0]   4      43    1   2   [25,24,10,0]   0     0   35
   80  R    2   0  [43, 3, 2, 3]   4      44    7   2   [11,12,1,0]   0     2   23
   81  O    2   0  [39, 5, 5, 3]   4      45    1   2   [26,29,26,27]   0     0   32
   81  R    2   0  [39, 4, 7, 4]   4      44    1   2   [3,6,16,28]   0     2   24
   82  O    2   0  [43, 1, 4, 2]   4      45    5   1   [14,6,4,4]   0     0   32
   82  R    2   0  [42, 2, 3, 4]   4      45    1   2   [14,1,2,2]   0     0   25
   83  O    2   0  [42, 1, 3, 8]   4      45    1   2   [3,15,26,27]   0     0   33
   83  R    2   0  [38, 4, 4, 4]   4      45    2   2   [12,17,15,8]   0     1   18
   84  O    2   0  [43, 0, 2, 1]   4      44    8   2   [19,14,18,10]   0     0   32
   84  R    2   0  [40, 4, 2, 2]   2      44    5   1   [11,13,2,2]   0     0   30
   85  O    2   0  [40, 2, 2, 1]   4     245    3   2   [7,7,7,7]   0     0   26
   85  R    2   0  [36, 6, 4, 1]   2      47    7   0   [7,4,0,0]   0     1   32
   86  O    2   0  [29, 3, 3, 5]   4     115    3   0   [1,1,0,4]   0     0   25
   86  R    1   1  [33, 1, 3, 3]   4       -    -   -   [-,-,-,-]   -     2   32
   87  O    0   0  [27, 3, 6, 6]   4       -    -   -   [-,-,-,-]   -     0   40
   87  R    1   1  [28, 5, 5, 5]   0       -    -   -   [-,-,-,-]   -     3   34
   88  O    1   1  [36, 6, 7, 3]   4       -    -   -   [-,-,-,-]   -     0   23
   88  R    1   0  [34, 5, 7, 6]   2       -    -   -   [-,-,-,-]   -     0   26
   89  O    2   0  [30, 1, 0, 0]   4     127    3   0   [1,1,1,7]   0     0   27
   89  R    1   0  [41, 0, 0, 0]   4       -    -   -   [-,-,-,-]   -     0   20
   90  O    2   0  [17, 2, 5, 1]   4     246    3   1   [3,3,3,3]   0     0   34
   90  R    0   0  [25, 0, 2, 3]   1       -    -   -   [-,-,-,-]   -     1   14
   91  O    2   0  [17,21, 6, 3]   4     128    3   1   [15,3,3,6]   1     0   32
   91  R    1   0  [16, 8,17, 7]   1       -    -   -   [-,-,-,-]   -     1   28
   92  O    2   0  [36, 6, 2, 5]   4     231    3   1   [14,3,3,3]   0     0   24
   92  R    1   0  [36, 4, 4, 4]   1       -    -   -   [-,-,-,-]   -     0   25
   93  O    1   1  [39, 4, 3, 2]   4       -    -   -   [-,-,-,-]   -     0   32
   93  R    1   1  [36, 5, 5, 4]   3       -    -   -   [-,-,-,-]   -     2   36
   94  O    2   0  [40, 3, 5, 3]   4      26    2   1   [12,3,9,10]   0     0   33
   94  R    1   1  [37, 4, 4, 4]   4       -    -   -   [-,-,-,-]   -     0   35
   95  O    2   0  [41, 4, 7, 1]   4      30    2   2   [27,25,31,0]   0     0   31
   95  R    2   0  [38, 4, 4, 5]   4      32    1   1   [3,0,8,1]   0     1   36
   96  O    2   0  [44, 6, 0, 2]   4      26   11   2   [8,1,26,17]   0     0   38
   96  R    2   0  [39, 4, 6, 4]   4      28   14   2   [19,16,17,4]   0     1   29
   97  O    2   0  [45, 0, 7, 0]   4      23    9   2   [8,14,1,1]   0     0   28
   97  R    2   0  [41, 4, 4, 3]   4      24    9   2   [6,8,21,1]   0     0   23
   98  O    2   0  [46, 1, 2, 1]   4      18    2   2   [31,7,31,18]   0     0   24
   98  R    2   0  [39, 3, 2, 2]   2      21    9   2   [14,14,18,3]   0     2   31
   99  O    2   0  [41, 2, 4, 4]   4      14    2   1   [3,3,3,15]   0     0   34
   99  R    2   0  [33, 3, 3, 4]   4      19    9   1   [11,6,14,5]   0     1   30

=== divergence summary (all frames) ===
frames compared: 6000
signal_type mismatch: 2778 (46.3%)
quant_offset mismatch: 1920 (32.0%)
avg |gain diff| per subframe: 2.67
nlsf_interp mismatch: 1606 (26.8%)
voiced_both: 2913
  LTP per_index mismatch: 1777 (61.0%)
  avg |ltp_index diff| per subframe: 9.66
  avg |lag diff|: 11.56
total bytes: ours=180009 ref=164253 ratio=1.096
