# naz: first 10 packets through our decoder; energies are log2 old_band_e
ours 0 bytes=3 toc=0xfc sil1 intra0 trans0 bits16
  L  -28.0  -28.0  -28.0  -28.0  -28.0  -28.0  -28.0  -28.0  -28.0  -28.0  -28.0  -28.0  -28.0  -28.0  -28.0  -28.0  -28.0  -28.0  -28.0  -28.0  -28.0
  R  -28.0  -28.0  -28.0  -28.0  -28.0  -28.0  -28.0  -28.0  -28.0  -28.0  -28.0  -28.0  -28.0  -28.0  -28.0  -28.0  -28.0  -28.0  -28.0  -28.0  -28.0
ours 1 bytes=3 toc=0xfc sil1 intra0 trans0 bits16
  L  -28.0  -28.0  -28.0  -28.0  -28.0  -28.0  -28.0  -28.0  -28.0  -28.0  -28.0  -28.0  -28.0  -28.0  -28.0  -28.0  -28.0  -28.0  -28.0  -28.0  -28.0
  R  -28.0  -28.0  -28.0  -28.0  -28.0  -28.0  -28.0  -28.0  -28.0  -28.0  -28.0  -28.0  -28.0  -28.0  -28.0  -28.0  -28.0  -28.0  -28.0  -28.0  -28.0
ours 2 bytes=282 toc=0xfc sil0 intra1 trans1 bits2248
  L   +4.3   +3.1   +3.8   +3.7   +4.0   +4.9   +4.8   +2.4   +3.9   +4.3   +3.7   +3.1   +3.6   +3.3   +3.2   +2.0   +1.5   +0.8   +0.9   +1.1   -0.4
  R   +4.7   +2.8   +3.1   +2.6   +2.9   +4.6   +4.9   +4.4   +3.9   +5.1   +3.8   +2.4   +3.2   +3.2   +2.2   +2.7   +2.2   +2.1   +2.5   +2.8   +1.8
ours 3 bytes=195 toc=0xfc sil0 intra1 trans0 bits1552
  L   +3.3   +2.6   +2.4   +3.7   +2.5   +3.4   +3.8   +2.8   +3.4   +3.3   +3.8   +2.0   +2.5   +2.7   +2.7   +2.0   +0.5   -0.6   -1.3   -1.9   -4.5
  R   +3.8   +2.5   +0.9   +2.5   +2.6   +2.7   +3.7   +3.0   +3.5   +4.3   +3.1   +2.0   +2.6   +2.4   +1.9   +1.1   +0.3   -0.2   -1.1   -1.8   -4.5
ours 4 bytes=193 toc=0xfc sil0 intra1 trans0 bits1536
  L   +3.2   +1.9   +1.8   +3.3   +2.3   +3.4   +3.8   +2.8   +3.2   +4.0   +3.9   +2.9   +2.8   +2.7   +2.4   +1.2   +0.4   -0.6   -1.7   -1.8   -5.0
  R   +3.1   +2.6   +2.0   +2.6   +2.9   +2.2   +4.2   +3.1   +3.7   +4.5   +2.6   +1.9   +2.4   +2.1   +1.7   +1.0   +0.2   -0.8   -1.4   -1.8   -4.5
ours 5 bytes=192 toc=0xfc sil0 intra0 trans0 bits1528
  L   +2.8   +2.0   +2.4   +4.1   +2.7   +3.4   +4.1   +2.9   +3.4   +4.5   +4.0   +3.0   +2.5   +2.9   +2.4   +1.8   +0.4   -0.6   -1.5   -0.9   -4.7
  R   +3.5   +2.7   +1.7   +2.7   +3.0   +2.3   +4.1   +3.3   +3.9   +4.5   +3.6   +2.2   +2.7   +2.3   +1.8   +1.5   +0.4   -0.5   -1.3   -0.9   -5.0
ours 6 bytes=188 toc=0xfc sil0 intra0 trans0 bits1496
  L   +3.3   +2.6   +2.0   +3.8   +2.3   +3.9   +3.8   +3.4   +3.6   +4.2   +4.0   +2.7   +2.9   +2.9   +2.2   +1.4   +0.3   -0.5   -1.5   -1.2   -4.9
  R   +3.3   +2.0   +2.4   +2.0   +2.9   +2.6   +3.8   +2.9   +3.5   +4.7   +3.3   +2.3   +2.7   +2.4   +1.6   +1.4   +0.3   -0.6   -1.6   -1.2   -4.5
ours 7 bytes=190 toc=0xfc sil0 intra0 trans0 bits1512
  L   +3.1   +2.6   +2.5   +4.1   +3.4   +4.2   +4.2   +3.2   +3.2   +4.1   +3.7   +2.6   +2.9   +3.1   +2.6   +1.6   +0.5   -0.7   -0.8   -0.9   -3.2
  R   +3.5   +2.8   +1.6   +2.6   +2.4   +2.7   +3.6   +3.2   +3.4   +4.8   +2.9   +1.9   +2.7   +2.5   +1.8   +1.3   +0.7   +0.1   -0.9   -1.0   -3.0
ours 8 bytes=185 toc=0xfc sil0 intra0 trans1 bits1472
  L   +4.9   +3.9   +4.5   +5.4   +5.0   +5.6   +5.4   +3.9   +4.1   +5.3   +5.4   +4.1   +4.2   +4.6   +4.4   +4.3   +2.8   +3.7   +4.0   +3.1   +0.6
  R   +4.9   +4.7   +3.9   +3.6   +4.5   +4.8   +5.1   +3.9   +4.5   +6.2   +4.5   +3.8   +4.0   +4.3   +4.0   +4.4   +2.7   +3.7   +3.9   +3.1   +0.2
ours 9 bytes=178 toc=0xfc sil0 intra1 trans0 bits1416
  L   +3.3   +3.0   +2.7   +3.7   +1.5   +4.1   +3.8   +2.3   +2.7   +3.7   +3.3   +2.8   +2.6   +3.2   +3.0   +3.6   +3.0   +3.5   +3.7   +3.0   -0.8
  R   +3.4   +1.9   +2.6   +2.0   +2.6   +3.2   +4.0   +2.4   +3.7   +4.3   +3.4   +2.5   +2.9   +3.2   +3.0   +3.6   +3.0   +3.5   +3.7   +3.0   -0.3
ref 0 bytes=3 toc=0xfc sil1 intra0 trans0 bits16
  L  -28.0  -28.0  -28.0  -28.0  -28.0  -28.0  -28.0  -28.0  -28.0  -28.0  -28.0  -28.0  -28.0  -28.0  -28.0  -28.0  -28.0  -28.0  -28.0  -28.0  -28.0
  R  -28.0  -28.0  -28.0  -28.0  -28.0  -28.0  -28.0  -28.0  -28.0  -28.0  -28.0  -28.0  -28.0  -28.0  -28.0  -28.0  -28.0  -28.0  -28.0  -28.0  -28.0
ref 1 bytes=3 toc=0xfc sil1 intra0 trans0 bits16
  L  -28.0  -28.0  -28.0  -28.0  -28.0  -28.0  -28.0  -28.0  -28.0  -28.0  -28.0  -28.0  -28.0  -28.0  -28.0  -28.0  -28.0  -28.0  -28.0  -28.0  -28.0
  R  -28.0  -28.0  -28.0  -28.0  -28.0  -28.0  -28.0  -28.0  -28.0  -28.0  -28.0  -28.0  -28.0  -28.0  -28.0  -28.0  -28.0  -28.0  -28.0  -28.0  -28.0
ref 2 bytes=315 toc=0xfc sil0 intra1 trans1 bits2512
  L   +3.5   +4.0   +3.2   +4.6   +1.2   +4.3   +4.8   +3.7   +3.3   +3.4   +3.0   +3.2   +3.4   +2.2   +1.9   +1.5   +0.9   +0.1   +0.8   +1.0   -0.1
  R   +2.9   +4.1   +2.6   +3.2   +1.8   +4.7   +2.8   +4.1   +3.8   +3.3   +3.5   +2.4   +2.5   +2.4   +1.8   +2.5   +2.1   +2.0   +2.5   +2.8   +2.1
ref 3 bytes=182 toc=0xfc sil0 intra1 trans0 bits1448
  L   +3.2   +2.9   +2.5   +3.5   +2.3   +3.4   +3.8   +2.8   +3.4   +3.5   +3.8   +2.3   +2.5   +2.7   +2.9   +2.0   +0.6   -0.3   -1.3   -1.8   -4.0
  R   +3.8   +2.5   +1.5   +2.4   +2.7   +2.5   +3.9   +3.0   +3.5   +4.3   +3.1   +2.0   +2.6   +2.4   +1.9   +1.3   +0.3   -0.1   -0.9   -1.7   -4.0
ref 4 bytes=179 toc=0xfc sil0 intra0 trans0 bits1424
  L   +3.0   +2.2   +1.9   +3.6   +2.1   +3.1   +3.6   +2.9   +2.9   +3.5   +3.9   +2.9   +2.9   +2.6   +2.4   +1.1   +0.4   -0.6   -1.6   -1.9   -4.5
  R   +3.0   +2.5   +1.7   +2.7   +2.6   +2.0   +4.1   +3.0   +3.2   +4.1   +2.3   +1.7   +2.4   +2.1   +1.6   +0.9   +0.0   -0.6   -1.5   -1.9   -4.5
ref 5 bytes=180 toc=0xfc sil0 intra0 trans0 bits1432
  L   +3.0   +2.3   +2.3   +4.0   +2.9   +3.5   +4.0   +3.2   +3.2   +4.5   +3.7   +2.7   +2.6   +2.8   +2.4   +1.7   +0.2   -0.7   -1.6   -1.1   -4.5
  R   +3.0   +2.3   +1.7   +2.7   +2.7   +2.7   +4.0   +3.0   +3.8   +4.6   +3.4   +2.1   +2.6   +2.5   +1.5   +1.3   +0.4   -0.6   -1.3   -1.1   -4.5
ref 6 bytes=181 toc=0xfc sil0 intra0 trans0 bits1440
  L   +2.9   +2.9   +2.1   +4.0   +2.6   +3.7   +3.7   +3.3   +3.5   +4.2   +3.8   +2.8   +2.7   +3.1   +2.2   +1.5   +0.5   -0.6   -1.5   -1.0   -4.8
  R   +3.6   +2.0   +2.5   +1.8   +3.1   +2.3   +3.9   +3.0   +3.5   +4.5   +3.5   +2.0   +2.8   +2.5   +1.7   +1.5   +0.4   -0.7   -1.5   -1.0   -4.8
ref 7 bytes=182 toc=0xfc sil0 intra0 trans0 bits1448
  L   +3.4   +2.7   +2.3   +4.1   +2.8   +3.8   +4.1   +3.4   +3.2   +3.8   +3.4   +2.4   +2.8   +3.3   +2.6   +1.8   +0.4   -0.6   -1.1   -1.1   -3.0
  R   +3.2   +2.6   +1.4   +2.4   +2.3   +2.1   +3.1   +3.2   +3.1   +4.5   +2.8   +1.7   +2.4   +2.4   +1.8   +1.2   +0.6   +0.0   -1.0   -1.1   -3.5
ref 8 bytes=224 toc=0xfc sil0 intra0 trans1 bits1784
  L   +4.5   +4.1   +4.6   +5.1   +4.8   +5.7   +5.5   +4.0   +4.2   +5.4   +5.0   +4.5   +4.2   +4.5   +3.8   +3.7   +2.7   +3.5   +3.4   +2.4   -1.0
  R   +5.1   +3.8   +4.0   +4.2   +4.4   +4.2   +5.0   +4.2   +4.7   +6.1   +4.5   +3.9   +4.0   +4.2   +3.3   +3.6   +2.4   +3.6   +3.3   +2.4   -0.8
ref 9 bytes=196 toc=0xfc sil0 intra0 trans0 bits1560
  L   +3.2   +2.9   +2.5   +3.9   +1.8   +4.0   +3.4   +1.9   +3.0   +3.9   +3.7   +2.7   +2.7   +3.3   +3.1   +3.3   +2.5   +3.3   +3.7   +2.6   -1.2
  R   +3.3   +2.3   +2.4   +2.0   +2.3   +3.0   +3.9   +2.6   +3.8   +4.3   +3.2   +2.1   +2.5   +3.2   +3.1   +3.3   +2.5   +3.3   +3.7   +2.6   -1.0
# zaur: first 10 packets through our decoder; energies are log2 old_band_e
ours 0 bytes=3 toc=0xfc sil1 intra0 trans0 bits16
  L  -28.0  -28.0  -28.0  -28.0  -28.0  -28.0  -28.0  -28.0  -28.0  -28.0  -28.0  -28.0  -28.0  -28.0  -28.0  -28.0  -28.0  -28.0  -28.0  -28.0  -28.0
  R  -28.0  -28.0  -28.0  -28.0  -28.0  -28.0  -28.0  -28.0  -28.0  -28.0  -28.0  -28.0  -28.0  -28.0  -28.0  -28.0  -28.0  -28.0  -28.0  -28.0  -28.0
ours 1 bytes=91 toc=0xfc sil0 intra1 trans0 bits720
  L  -44.4  -44.8  -44.7  -44.0  -44.5  -44.5  -45.5  -45.3  -45.4  -45.4  -45.3  -44.8  -45.4  -44.2  -44.3  -45.1  -44.3  -40.5  -39.8  -35.0  -36.7
  R  -44.4  -45.8  -44.6  -44.0  -44.5  -44.5  -44.5  -44.5  -44.6  -44.6  -44.5  -45.0  -45.4  -44.2  -44.3  -44.6  -44.0  -40.5  -39.8  -35.0  -36.7
ours 2 bytes=122 toc=0xfc sil0 intra1 trans1 bits968
  L  -21.4  -22.5  -21.2  -21.4  -19.6  -18.8  -20.5  -18.7  -18.8  -18.3  -17.8  -17.7  -17.5  -17.0  -16.6  -16.1  -15.5  -15.7  -15.6  -14.6  -15.2
  R  -22.8  -20.7  -20.3  -19.3  -21.4  -20.0  -18.2  -19.5  -18.7  -17.8  -17.2  -17.4  -17.1  -16.6  -16.1  -16.0  -15.0  -15.7  -14.6  -13.7  -14.4
ours 3 bytes=263 toc=0xfc sil0 intra1 trans1 bits2096
  L  -14.9  -14.2  -14.7  -13.0  -12.3  -11.9  -11.3  -11.4  -10.5  -10.4  -10.3   -9.1   -9.4   -9.4   -9.0   -8.3   -7.4   -7.8   -7.7   -6.8   -7.6
  R  -14.2  -15.1  -12.1  -11.4  -10.7  -10.9  -11.2  -11.7  -10.8  -10.4   -9.1   -9.2   -9.0   -8.8   -8.2   -7.6   -7.0   -7.1   -7.1   -6.3   -7.1
ours 4 bytes=141 toc=0xfc sil0 intra1 trans0 bits1120
  L  -14.6  -13.4  -12.5  -11.9  -11.5  -11.3  -10.9  -11.3  -10.7  -10.2   -9.8   -9.6   -9.2   -9.2   -8.0   -7.6   -7.5   -7.5   -7.6   -6.9   -7.1
  R  -13.8  -13.3  -11.9  -11.5  -10.8  -10.9  -10.4  -10.5  -10.6   -9.8   -9.6   -9.0   -8.7   -8.6   -7.4   -7.0   -7.2   -7.2   -7.2   -6.6   -7.1
ours 5 bytes=141 toc=0xfc sil0 intra0 trans0 bits1120
  L  -13.4  -13.1  -12.1  -11.6  -11.8  -11.1  -10.8  -10.6  -10.3  -10.0   -9.7  -10.2   -9.2   -8.7   -7.9   -7.7   -7.4   -7.3   -7.9   -7.7   -7.3
  R  -13.6  -13.1  -12.4  -11.4  -10.6  -11.8  -11.1  -10.6  -10.3  -10.0   -9.2   -9.7   -8.8   -9.0   -7.4   -7.6   -7.0   -7.4   -6.9   -6.7   -7.5
ours 6 bytes=142 toc=0xfc sil0 intra0 trans0 bits1128
  L  -13.7  -12.5  -12.4  -12.6  -11.4  -11.6   -9.6  -10.3  -10.0  -10.0   -9.7   -9.2   -9.4   -8.3   -7.6   -7.7   -7.3   -7.0   -7.3   -6.8   -7.1
  R  -13.4  -13.5  -11.7  -10.8  -11.8  -11.6  -10.3   -9.6  -10.2   -9.7   -9.2   -9.2   -9.3   -7.9   -8.1   -7.4   -6.9   -6.8   -6.9   -6.3   -6.7
ours 7 bytes=145 toc=0xfc sil0 intra0 trans0 bits1152
  L  -13.9  -13.1  -13.1  -12.2  -11.4  -11.3  -10.8  -11.6  -10.1  -10.0   -9.7   -9.5   -9.4   -8.8   -8.2   -7.8   -7.0   -7.1   -7.4   -6.6   -7.5
  R  -13.8  -13.6  -11.7  -11.8  -11.3  -11.1  -10.5  -11.1  -10.3  -10.0   -9.0   -8.9   -9.4   -8.1   -8.2   -7.1   -7.0   -7.4   -7.2   -6.4   -6.8
ours 8 bytes=143 toc=0xfc sil0 intra0 trans0 bits1136
  L  -13.3  -13.1  -12.4  -11.6  -11.8  -10.8  -11.3  -10.1  -10.0  -10.0   -9.2   -9.4   -8.9   -8.6   -7.7   -7.0   -6.8   -7.2   -7.2   -6.8   -7.2
  R  -14.2  -12.6  -12.9  -11.9  -11.3  -10.6  -10.3   -9.8   -9.7  -10.0   -8.7   -9.6   -9.2   -8.2   -7.5   -6.9   -7.1   -7.4   -7.6   -7.0   -7.1
ours 9 bytes=145 toc=0xfc sil0 intra0 trans0 bits1152
  L  -13.7  -12.6  -11.9  -12.3  -11.4  -11.1  -10.6  -10.1  -10.0  -10.0   -9.0   -9.4   -9.1   -8.5   -8.2   -7.6   -7.0   -7.0   -7.6   -6.6   -7.0
  R  -13.4  -13.1  -12.6  -11.6  -11.1  -11.0  -10.6  -10.6   -9.5   -9.5   -9.3   -9.9   -9.2   -8.8   -7.4   -7.6   -6.9   -7.1   -7.6   -6.7   -7.0
ref 0 bytes=3 toc=0xfc sil1 intra0 trans0 bits16
  L  -28.0  -28.0  -28.0  -28.0  -28.0  -28.0  -28.0  -28.0  -28.0  -28.0  -28.0  -28.0  -28.0  -28.0  -28.0  -28.0  -28.0  -28.0  -28.0  -28.0  -28.0
  R  -28.0  -28.0  -28.0  -28.0  -28.0  -28.0  -28.0  -28.0  -28.0  -28.0  -28.0  -28.0  -28.0  -28.0  -28.0  -28.0  -28.0  -28.0  -28.0  -28.0  -28.0
ref 1 bytes=3 toc=0xfc sil1 intra0 trans0 bits16
  L  -28.0  -28.0  -28.0  -28.0  -28.0  -28.0  -28.0  -28.0  -28.0  -28.0  -28.0  -28.0  -28.0  -28.0  -28.0  -28.0  -28.0  -28.0  -28.0  -28.0  -28.0
  R  -28.0  -28.0  -28.0  -28.0  -28.0  -28.0  -28.0  -28.0  -28.0  -28.0  -28.0  -28.0  -28.0  -28.0  -28.0  -28.0  -28.0  -28.0  -28.0  -28.0  -28.0
ref 2 bytes=3 toc=0xfc sil1 intra0 trans0 bits16
  L  -28.0  -28.0  -28.0  -28.0  -28.0  -28.0  -28.0  -28.0  -28.0  -28.0  -28.0  -28.0  -28.0  -28.0  -28.0  -28.0  -28.0  -28.0  -28.0  -28.0  -28.0
  R  -28.0  -28.0  -28.0  -28.0  -28.0  -28.0  -28.0  -28.0  -28.0  -28.0  -28.0  -28.0  -28.0  -28.0  -28.0  -28.0  -28.0  -28.0  -28.0  -28.0  -28.0
ref 3 bytes=315 toc=0xfc sil0 intra1 trans1 bits2512
  L  -14.7  -15.7  -14.2  -17.9  -14.8  -15.2  -12.5  -13.1  -12.2  -12.5  -12.1  -11.3  -10.9  -10.7  -10.4   -9.9   -9.4   -9.4   -8.9   -8.4   -8.5
  R  -15.9  -15.0  -13.9  -15.3  -13.0  -13.2  -12.4  -12.1  -12.2  -12.0  -11.8  -10.8  -10.7  -10.5   -9.8   -9.4   -9.0   -8.9   -8.4   -7.8   -8.2
ref 4 bytes=131 toc=0xfc sil0 intra0 trans0 bits1040
  L  -14.1  -13.6  -12.4  -11.9  -11.3  -11.4  -10.9  -11.1  -10.5  -10.3  -10.5   -9.7   -9.5   -9.2   -8.2   -7.6   -7.6   -7.8   -7.6   -7.2   -6.7
  R  -13.8  -13.6  -12.2  -12.1  -10.6  -10.6  -10.1  -10.8  -10.5  -10.0   -9.7   -9.0   -8.7   -8.9   -7.6   -7.1   -7.3   -7.2   -7.4   -6.9   -7.1
ref 5 bytes=131 toc=0xfc sil0 intra1 trans0 bits1040
  L  -13.6  -13.3  -12.4  -11.6  -12.3  -10.7  -10.8  -10.8  -10.2  -10.1   -9.6  -10.0   -9.1   -9.2   -7.7   -7.5   -7.3   -7.3   -7.8   -7.4   -7.4
  R  -13.9  -13.0  -12.1  -11.5  -10.5  -11.8  -11.2  -10.8  -10.4   -9.8   -9.1   -9.5   -8.5   -8.9   -7.4   -7.5   -6.8   -7.2   -7.0   -6.6   -7.6
ref 6 bytes=130 toc=0xfc sil0 intra0 trans0 bits1032
  L  -13.6  -12.6  -12.4  -12.4  -11.4  -11.4   -9.4  -10.3  -10.2  -10.2  -10.0   -9.2   -9.4   -8.4   -7.7   -7.6   -7.3   -7.0   -7.3   -6.6   -7.1
  R  -13.6  -13.6  -11.7  -11.3  -12.3  -11.2  -10.9  -10.1  -10.5   -9.5   -9.4   -8.9   -9.4   -7.9   -7.8   -7.4   -7.0   -7.0   -6.8   -6.2   -7.2
ref 7 bytes=133 toc=0xfc sil0 intra0 trans0 bits1056
  L  -13.9  -12.8  -13.6  -12.2  -11.9  -11.4  -10.9  -10.6  -10.5  -10.0  -10.0   -9.5   -9.7   -8.6   -7.8   -7.9   -7.3   -7.1   -7.6   -6.6   -7.5
  R  -13.6  -13.8  -11.5  -11.3  -11.3  -11.4  -10.4  -10.1  -10.2  -10.2   -8.7   -8.9   -9.4   -8.1   -8.0   -7.1   -6.8   -7.3   -7.2   -6.4   -6.6
ref 8 bytes=129 toc=0xfc sil0 intra0 trans0 bits1024
  L  -13.3  -13.1  -12.4  -11.9  -11.8  -10.9  -11.1  -10.1  -10.0   -9.7   -9.5   -9.2   -8.9   -8.7   -7.8   -7.1   -6.7   -7.1   -7.2   -6.7   -7.2
  R  -13.8  -12.8  -12.4  -11.6  -11.3  -10.4  -10.6  -10.1   -9.7   -9.7   -9.1   -9.4   -9.2   -8.2   -7.6   -6.9   -7.2   -7.3   -7.5   -6.9   -7.0
ref 9 bytes=130 toc=0xfc sil0 intra0 trans0 bits1032
  L  -13.6  -12.6  -11.9  -11.8  -12.1  -10.8  -10.6  -10.1   -9.7  -10.0   -9.0   -9.7   -9.1   -8.3   -8.0   -7.7   -7.0   -7.2   -7.7   -6.6   -7.1
  R  -14.4  -13.1  -12.9  -12.2  -10.9  -11.8  -10.9  -11.1   -9.5   -9.5   -9.2   -9.7   -8.9   -8.8   -7.2   -7.3   -7.0   -7.0   -7.7   -6.7   -7.0
# her: first 10 packets through our decoder; energies are log2 old_band_e
ours 0 bytes=3 toc=0xfc sil1 intra0 trans0 bits16
  L  -28.0  -28.0  -28.0  -28.0  -28.0  -28.0  -28.0  -28.0  -28.0  -28.0  -28.0  -28.0  -28.0  -28.0  -28.0  -28.0  -28.0  -28.0  -28.0  -28.0  -28.0
  R  -28.0  -28.0  -28.0  -28.0  -28.0  -28.0  -28.0  -28.0  -28.0  -28.0  -28.0  -28.0  -28.0  -28.0  -28.0  -28.0  -28.0  -28.0  -28.0  -28.0  -28.0
ours 1 bytes=3 toc=0xfc sil1 intra0 trans0 bits16
  L  -28.0  -28.0  -28.0  -28.0  -28.0  -28.0  -28.0  -28.0  -28.0  -28.0  -28.0  -28.0  -28.0  -28.0  -28.0  -28.0  -28.0  -28.0  -28.0  -28.0  -28.0
  R  -28.0  -28.0  -28.0  -28.0  -28.0  -28.0  -28.0  -28.0  -28.0  -28.0  -28.0  -28.0  -28.0  -28.0  -28.0  -28.0  -28.0  -28.0  -28.0  -28.0  -28.0
ours 2 bytes=3 toc=0xfc sil1 intra0 trans0 bits16
  L  -28.0  -28.0  -28.0  -28.0  -28.0  -28.0  -28.0  -28.0  -28.0  -28.0  -28.0  -28.0  -28.0  -28.0  -28.0  -28.0  -28.0  -28.0  -28.0  -28.0  -28.0
  R  -28.0  -28.0  -28.0  -28.0  -28.0  -28.0  -28.0  -28.0  -28.0  -28.0  -28.0  -28.0  -28.0  -28.0  -28.0  -28.0  -28.0  -28.0  -28.0  -28.0  -28.0
ours 3 bytes=131 toc=0xfc sil0 intra1 trans1 bits1040
  L  -24.4  -27.0  -24.7  -23.5  -24.2  -24.4  -24.5  -26.9  -25.2  -24.6  -25.5  -27.4  -27.6  -28.6  -28.9  -29.0  -27.3  -27.1  -26.0  -23.6  -25.6
  R  -25.2  -26.1  -25.9  -25.1  -26.1  -26.0  -24.2  -24.4  -25.0  -24.3  -25.8  -27.4  -27.3  -27.1  -27.8  -28.4  -26.9  -26.6  -26.6  -23.6  -25.6
ours 4 bytes=275 toc=0xfc sil0 intra1 trans1 bits2192
  L  -10.3  -11.5  -11.0   -9.3   -9.0   -9.5  -10.9  -12.0  -12.5  -12.7  -13.7  -11.5  -12.2  -11.6  -11.8  -12.0  -11.2  -10.3   -9.8   -9.2   -8.5
  R  -11.2  -11.7  -12.9  -12.5  -11.6  -11.0  -11.5  -12.5  -13.6  -12.2  -12.8  -11.3  -11.8  -12.9  -12.8  -12.2  -11.7  -10.2   -9.7   -9.4   -8.2
ours 5 bytes=239 toc=0xfc sil0 intra1 trans1 bits1904
  L   +2.6   +2.6   +3.1   +1.0   -1.2   +1.0   +0.7   -0.2   -0.7   -0.3   -0.7   -1.0   -1.8   -4.6   -5.1   -4.8   -4.8   -5.2   -4.9   -4.8   -3.9
  R   +2.4   +2.6   +2.4   +1.1   +1.3   +0.4   +0.5   -0.3   -0.7   -1.7   -1.0   -1.7   -2.0   -4.6   -5.3   -4.9   -5.0   -5.7   -5.0   -4.8   -3.9
ours 6 bytes=139 toc=0xfc sil0 intra1 trans0 bits1104
  L   +2.8   +2.2   +2.5   +0.7   -1.5   +0.0   -0.4   -3.1   -2.7   -3.2   -3.8   -3.8   -4.8   -6.1   -7.1   -6.9   -6.7   -6.9   -7.1   -6.1   -6.0
  R   +2.3   +1.6   +1.9   +0.8   -0.0   +0.4   -1.4   -2.0   -2.6   -3.2   -3.5   -4.3   -5.1   -6.2   -6.8   -7.2   -6.7   -6.9   -7.1   -6.1   -6.0
ours 7 bytes=141 toc=0xfc sil0 intra1 trans0 bits1120
  L   +2.8   +2.9   +0.2   +0.7   +0.2   +0.1   -1.1   -1.7   -2.8   -3.2   -3.8   -4.8   -5.1   -7.2   -7.7   -7.5   -7.0   -7.2   -7.1   -6.1   -5.0
  R   +1.4   +1.4   +2.0   +1.1   +0.7   +0.7   -1.0   -1.2   -3.2   -2.4   -3.7   -5.3   -5.7   -7.8   -7.8   -7.5   -6.8   -7.2   -7.1   -6.1   -5.0
ours 8 bytes=145 toc=0xfc sil0 intra0 trans0 bits1152
  L   +3.0   +2.7   +2.7   +1.2   +0.5   -1.5   -2.5   -1.8   -3.3   -2.8   -3.9   -4.6   -5.0   -7.9   -8.0   -7.9   -7.1   -7.2   -6.8   -6.0   -5.7
  R   +0.9   +2.0   +0.4   +1.4   -1.7   +1.2   -0.1   -1.5   -2.8   -2.4   -4.0   -5.1   -6.1   -8.2   -8.0   -7.6   -7.0   -7.2   -6.8   -6.0   -5.7
ours 9 bytes=140 toc=0xfc sil0 intra0 trans0 bits1112
  L   +2.9   +2.7   +2.6   +1.2   +0.5   -0.6   -2.6   -2.6   -2.4   -2.8   -4.4   -4.3   -6.3   -8.0   -7.9   -7.8   -7.2   -7.0   -6.8   -5.9   -5.3
  R   +0.8   +1.9   +1.7   +0.7   +0.6   +1.0   +0.4   -1.1   -2.3   -2.1   -3.7   -5.0   -6.4   -8.2   -8.1   -7.7   -7.1   -7.0   -6.8   -5.9   -4.8
ref 0 bytes=3 toc=0xfc sil1 intra0 trans0 bits16
  L  -28.0  -28.0  -28.0  -28.0  -28.0  -28.0  -28.0  -28.0  -28.0  -28.0  -28.0  -28.0  -28.0  -28.0  -28.0  -28.0  -28.0  -28.0  -28.0  -28.0  -28.0
  R  -28.0  -28.0  -28.0  -28.0  -28.0  -28.0  -28.0  -28.0  -28.0  -28.0  -28.0  -28.0  -28.0  -28.0  -28.0  -28.0  -28.0  -28.0  -28.0  -28.0  -28.0
ref 1 bytes=3 toc=0xfc sil1 intra0 trans0 bits16
  L  -28.0  -28.0  -28.0  -28.0  -28.0  -28.0  -28.0  -28.0  -28.0  -28.0  -28.0  -28.0  -28.0  -28.0  -28.0  -28.0  -28.0  -28.0  -28.0  -28.0  -28.0
  R  -28.0  -28.0  -28.0  -28.0  -28.0  -28.0  -28.0  -28.0  -28.0  -28.0  -28.0  -28.0  -28.0  -28.0  -28.0  -28.0  -28.0  -28.0  -28.0  -28.0  -28.0
ref 2 bytes=3 toc=0xfc sil1 intra0 trans0 bits16
  L  -28.0  -28.0  -28.0  -28.0  -28.0  -28.0  -28.0  -28.0  -28.0  -28.0  -28.0  -28.0  -28.0  -28.0  -28.0  -28.0  -28.0  -28.0  -28.0  -28.0  -28.0
  R  -28.0  -28.0  -28.0  -28.0  -28.0  -28.0  -28.0  -28.0  -28.0  -28.0  -28.0  -28.0  -28.0  -28.0  -28.0  -28.0  -28.0  -28.0  -28.0  -28.0  -28.0
ref 3 bytes=3 toc=0xfc sil1 intra0 trans0 bits16
  L  -28.0  -28.0  -28.0  -28.0  -28.0  -28.0  -28.0  -28.0  -28.0  -28.0  -28.0  -28.0  -28.0  -28.0  -28.0  -28.0  -28.0  -28.0  -28.0  -28.0  -28.0
  R  -28.0  -28.0  -28.0  -28.0  -28.0  -28.0  -28.0  -28.0  -28.0  -28.0  -28.0  -28.0  -28.0  -28.0  -28.0  -28.0  -28.0  -28.0  -28.0  -28.0  -28.0
ref 4 bytes=319 toc=0xfc sil0 intra1 trans1 bits2544
  L  -17.7  -19.6  -17.6  -17.8  -17.7  -17.3  -16.6  -16.7  -15.8  -14.6  -14.6  -15.5  -17.2  -17.8  -18.1  -15.9  -15.8  -12.9  -14.9  -12.4  -11.4
  R  -17.4  -19.8  -17.4  -16.3  -18.0  -18.7  -18.0  -17.2  -16.8  -15.1  -16.0  -15.3  -17.5  -18.3  -18.7  -15.9  -15.7  -13.2  -13.6  -12.9  -11.4
ref 5 bytes=293 toc=0xfc sil0 intra1 trans1 bits2336
  L   +1.2   +1.7   +2.9   +1.5   +0.6   +0.5   +0.5   -1.3   -0.8   -0.7   -0.4   -1.3   -1.8   -4.6   -6.4   -6.4   -5.9   -5.8   -5.4   -4.9   -3.9
  R   +1.2   +1.7   +2.5   +0.7   +0.2   -0.4   +0.4   -0.9   -0.7   -1.7   -0.9   -2.0   -2.0   -4.6   -6.3   -6.1   -6.3   -6.1   -5.4   -4.9   -3.9
ref 6 bytes=130 toc=0xfc sil0 intra0 trans0 bits1032
  L   +2.4   +2.6   +1.2   -0.1   -0.1   -0.2   -2.2   -2.2   -2.4   -3.6   -3.3   -3.5   -4.5   -5.9   -6.5   -6.0   -6.0   -6.5   -6.1   -5.9   -5.9
  R   +2.0   +1.9   +1.2   +0.7   -1.0   -0.1   -0.7   -2.6   -2.8   -3.4   -3.2   -4.0   -5.1   -5.9   -6.5   -6.1   -6.2   -6.6   -6.6   -6.2   -6.2
ref 7 bytes=132 toc=0xfc sil0 intra0 trans0 bits1048
  L   +2.1   +1.7   +1.5   +0.6   -1.1   -0.5   -1.0   -2.0   -3.1   -4.0   -3.7   -5.0   -5.1   -6.8   -7.6   -7.4   -7.1   -7.1   -7.3   -5.7   -4.9
  R   +0.6   +1.1   +0.2   +0.7   -0.1   -0.2   -0.5   -1.7   -3.0   -3.2   -3.6   -5.2   -5.6   -7.5   -7.6   -7.7   -6.8   -7.2   -7.1   -5.9   -5.5
ref 8 bytes=133 toc=0xfc sil0 intra0 trans0 bits1056
  L   +2.4   +1.5   +2.2   +0.8   -0.1   -1.1   -1.4   -2.9   -3.8   -3.3   -4.1   -3.8   -6.0   -7.7   -7.9   -7.8   -7.2   -7.4   -6.9   -5.8   -4.9
  R   +0.2   +1.5   +0.8   +0.3   +0.3   +0.5   -0.8   -2.7   -3.5   -3.3   -3.8   -4.8   -5.8   -8.1   -7.7   -7.5   -7.0   -7.0   -7.0   -5.9   -5.2
ref 9 bytes=140 toc=0xfc sil0 intra0 trans0 bits1112
  L   +2.0   +2.2   +0.2   +0.5   +0.1   -0.7   -0.8   -3.3   -3.1   -3.4   -4.8   -4.2   -5.0   -7.9   -7.8   -7.8   -7.2   -6.8   -6.9   -5.9   -5.4
  R   -0.1   +0.9   +1.6   +0.1   -2.0   +0.6   -0.8   -1.7   -2.9   -3.1   -4.1   -5.2   -5.6   -8.3   -7.7   -7.6   -7.1   -7.1   -6.7   -5.9   -5.1
