# nik: first 10 packets through our decoder; energies are log2 old_band_e
ours 0 bytes=344 toc=0xfc sil0 intra1 trans1 bits2744
  L  -16.4  -17.0  -16.5  -17.5  -17.4  -17.4  -17.4  -17.4  -17.4  -17.4  -17.4  -17.4  -17.4  -12.1   -9.7   -9.1   -8.9   -8.8   -8.3   -7.6  -16.4
  R  -16.4  -17.0  -16.5  -17.5  -17.4  -17.4  -17.4  -17.4  -17.4  -17.4  -17.4  -17.4  -17.4  -12.1   -9.7   -9.1   -8.9   -8.8   -8.3   -7.6  -16.4
ours 1 bytes=170 toc=0xfc sil0 intra1 trans0 bits1352
  L  -28.4  -28.1  -27.5  -27.0  -27.0  -26.5  -26.1  -25.6  -25.3  -24.8  -23.9  -23.1  -21.3  -14.6  -10.9  -10.3   -9.8   -9.9   -9.3   -8.8  -19.8
  R  -28.4  -28.1  -27.5  -27.0  -27.0  -26.5  -26.1  -25.6  -25.3  -24.8  -23.9  -23.1  -21.3  -14.6  -10.9  -10.3   -9.8   -9.9   -9.3   -8.8  -19.8
ours 2 bytes=166 toc=0xfc sil0 intra1 trans0 bits1320
  L  -30.2  -29.3  -29.2  -28.2  -27.8  -27.3  -27.5  -26.5  -26.6  -26.1  -25.1  -24.3  -22.8  -15.1  -10.8  -10.5  -10.2   -9.8   -9.5   -8.7  -19.8
  R  -30.2  -29.3  -29.2  -28.2  -27.8  -27.3  -27.5  -26.5  -26.6  -26.1  -25.1  -24.3  -22.8  -15.1  -10.8  -10.5  -10.2   -9.8   -9.5   -8.7  -19.8
ours 3 bytes=168 toc=0xfc sil0 intra0 trans0 bits1336
  L  -28.8  -28.4  -27.4  -27.4  -26.4  -26.6  -25.6  -26.3  -25.8  -24.8  -24.0  -23.2  -21.6  -15.0  -10.9  -10.3  -10.0   -9.8   -9.3   -8.7  -19.5
  R  -28.2  -28.9  -27.4  -27.4  -26.4  -26.6  -25.6  -26.3  -25.3  -24.5  -24.2  -23.2  -21.3  -15.0  -10.9  -10.3  -10.0   -9.9   -9.4   -8.8  -20.0
ours 4 bytes=188 toc=0xfc sil0 intra0 trans1 bits1496
  L   -4.6   -4.9   -5.2   -7.7   -5.0   -3.9   -2.9   -2.5   -3.5   -4.6   -3.4   -4.1   -3.5   -4.6   -4.1   -3.3   -5.3   -4.9   -4.7   -3.7  -12.5
  R   -8.6   -8.5   -9.2   -7.7   -8.1   -8.3   -7.6   -7.3   -7.8   -5.6   -4.7   -4.4   -5.2   -4.7   -4.6   -5.1   -4.9   -5.9   -5.2   -4.3  -13.2
ours 5 bytes=173 toc=0xfc sil0 intra1 trans1 bits1376
  L   -4.9   -5.8   -6.6   -4.2   -3.9   -4.6   -3.1   -2.2   -1.7   -1.6   -2.8   -2.4   -3.2   -3.5   -3.5   -2.2   -2.7   -2.7   -3.0   -2.0  -12.0
  R   -5.3   -5.8   -5.6   -3.8   -3.9   -3.6   -3.0   -2.2   -2.2   -1.4   -3.6   -1.8   -2.8   -3.2   -3.0   -2.7   -3.2   -3.0   -2.8   -2.2  -12.3
ours 6 bytes=173 toc=0xfc sil0 intra1 trans1 bits1376
  L   -7.4  -10.4   -7.5   -9.7   -8.7   -7.8   -4.5   -5.0   -5.0   -4.2   -5.4   -5.0   -6.0   -5.6   -5.3   -4.5   -4.6   -4.4   -4.3   -3.4  -13.7
  R   -9.7  -10.3   -9.4   -9.7   -9.7   -9.6   -5.5   -5.1   -5.7   -4.6   -6.0   -5.8   -6.3   -5.6   -5.1   -4.5   -4.6   -4.6   -4.1   -3.4  -13.2
ours 7 bytes=156 toc=0xfc sil0 intra1 trans0 bits1240
  L  -12.7  -16.4  -13.4  -13.0  -12.7  -11.9  -11.2  -10.8  -10.7   -9.7  -10.3  -10.8   -9.4   -9.0   -7.2   -6.8   -6.7   -6.2   -5.9   -5.4  -15.9
  R  -23.8  -22.3  -19.7  -17.8  -14.3  -13.3  -15.4  -15.1  -16.4  -13.3  -12.0  -13.5  -13.0  -11.9   -7.8   -7.9   -8.0   -8.0   -7.2   -6.6  -17.6
ours 8 bytes=172 toc=0xfc sil0 intra1 trans0 bits1368
  L  -16.4  -18.7  -14.8  -15.4  -15.1  -13.9  -13.7  -13.9  -13.7  -13.0  -12.6  -13.6  -12.2  -10.9   -7.4   -6.8   -6.7   -6.7   -6.2   -5.4  -16.9
  R  -24.6  -22.9  -21.8  -20.0  -15.0  -15.3  -17.6  -19.3  -21.1  -15.3  -14.5  -19.1  -19.6  -12.9   -8.2   -8.2   -8.1   -7.9   -7.5   -6.7  -17.1
ours 9 bytes=186 toc=0xfc sil0 intra1 trans0 bits1480
  L  -16.3  -19.2  -16.8  -16.9  -17.6  -16.5  -14.8  -13.6  -13.7  -13.5  -13.7  -15.0  -13.1  -11.5   -8.3   -7.8   -7.3   -7.0   -6.7   -5.9  -17.2
  R  -26.1  -24.5  -23.4  -19.4  -16.0  -15.8  -17.4  -19.3  -21.1  -16.3  -15.6  -19.0  -20.8  -12.3   -9.0   -8.4   -8.1   -8.1   -7.4   -6.8  -18.1
ref 0 bytes=324 toc=0xfc sil0 intra1 trans1 bits2584
  L  -17.4  -16.9  -16.5  -16.5  -16.5  -16.5  -16.5  -17.5  -17.4  -17.4  -17.4  -17.4  -17.4  -12.9   -9.9   -9.4   -9.2   -9.0   -8.4   -7.8  -15.9
  R  -17.4  -16.9  -16.5  -16.5  -16.5  -16.5  -16.5  -17.5  -17.4  -17.4  -17.4  -17.4  -17.4  -12.9   -9.9   -9.4   -9.2   -9.0   -8.4   -7.8  -15.9
ref 1 bytes=188 toc=0xfc sil0 intra1 trans0 bits1496
  L  -29.6  -29.8  -28.2  -28.8  -27.2  -27.5  -26.5  -26.6  -26.1  -25.6  -24.8  -23.9  -22.4  -14.3  -10.9  -10.3  -10.0   -9.9   -9.4   -8.9  -19.1
  R  -29.6  -29.8  -28.2  -28.8  -27.2  -27.5  -26.5  -26.6  -26.1  -25.6  -24.8  -23.9  -22.4  -14.3  -10.9  -10.3  -10.0   -9.9   -9.4   -8.9  -19.1
ref 2 bytes=187 toc=0xfc sil0 intra1 trans0 bits1488
  L  -30.4  -29.3  -28.7  -28.7  -28.2  -27.3  -28.5  -27.3  -26.5  -26.6  -26.1  -24.6  -22.8  -14.1  -10.7  -10.4  -10.1   -9.9   -9.4   -8.7  -19.3
  R  -30.4  -29.3  -28.7  -28.7  -28.2  -27.3  -28.5  -27.3  -26.5  -26.6  -26.1  -24.6  -22.8  -14.1  -10.7  -10.4  -10.1   -9.9   -9.4   -8.7  -19.3
ref 3 bytes=177 toc=0xfc sil0 intra1 trans0 bits1408
  L  -28.2  -28.1  -28.0  -27.3  -26.5  -26.1  -26.6  -25.6  -25.8  -24.8  -24.4  -23.4  -21.7  -15.2  -10.8  -10.3  -10.1   -9.8   -9.3   -8.8  -19.8
  R  -28.2  -28.1  -28.0  -27.3  -26.5  -26.1  -26.6  -25.6  -25.8  -24.8  -24.4  -23.4  -21.7  -15.2  -10.8  -10.3  -10.1   -9.8   -9.3   -8.8  -19.8
ref 4 bytes=301 toc=0xfc sil0 intra0 trans1 bits2400
  L   -9.3   -9.4   -9.1   -8.7   -7.9   -9.6   -8.7   -7.1   -8.3   -7.4   -7.6   -8.3   -7.3   -7.5   -7.8   -6.8   -7.0   -7.0   -6.5   -5.7  -13.4
  R  -10.9   -9.1   -9.9   -8.7   -7.9   -9.4   -8.9   -7.7   -8.1   -8.1   -7.6   -7.8   -6.0   -6.8   -7.5   -8.4   -7.8   -8.1   -7.3   -6.6  -13.7
ref 5 bytes=234 toc=0xfc sil0 intra0 trans1 bits1864
  L   -4.2   -6.4   -4.5   -5.0   -3.9   -4.1   -2.5   -2.1   -1.7   -1.4   -3.3   -2.2   -2.9   -3.4   -3.4   -2.1   -2.5   -2.7   -3.0   -2.0  -12.5
  R   -5.4   -5.4   -5.9   -3.8   -3.8   -4.9   -2.4   -2.6   -2.3   -1.6   -3.0   -2.0   -2.6   -3.3   -3.0   -2.7   -3.2   -3.0   -2.8   -2.2  -12.5
ref 6 bytes=138 toc=0xfc sil0 intra0 trans0 bits1096
  L   -9.7  -10.2   -9.1  -10.6   -9.6  -10.3   -6.6   -5.3   -5.3   -5.6   -7.3   -5.3   -6.9   -6.4   -6.4   -5.7   -5.4   -5.5   -5.6   -4.7  -14.7
  R  -10.6  -10.5  -10.5  -11.5   -8.8   -8.4   -7.7   -5.4   -6.1   -5.0   -7.1   -5.7   -7.0   -6.9   -5.7   -5.8   -6.0   -5.9   -5.5   -4.9  -16.2
ref 7 bytes=155 toc=0xfc sil0 intra1 trans0 bits1232
  L   -8.9  -12.0  -11.9  -12.3  -12.5  -11.4   -9.5   -9.5   -9.7   -9.2   -9.5  -10.2   -9.1   -9.0   -7.5   -7.0   -6.7   -6.2   -6.0   -5.7  -16.2
  R  -13.6  -17.5  -17.1  -17.6  -13.9  -13.3  -12.7  -13.0  -11.6  -10.8   -9.7  -10.3  -10.6  -12.1   -8.0   -7.8   -8.0   -8.0   -7.2   -6.4  -16.6
ref 8 bytes=189 toc=0xfc sil0 intra1 trans0 bits1504
  L   -9.3  -12.5  -13.8  -15.5  -14.5  -13.8  -13.4  -13.9  -13.5  -13.0  -12.6  -13.5  -12.5  -11.4   -7.3   -6.8   -6.9   -6.5   -6.2   -5.5  -15.7
  R  -14.1  -17.3  -18.5  -18.7  -14.8  -14.4  -16.7  -18.4  -19.7  -14.6  -14.4  -18.2  -19.2  -11.8   -7.9   -8.3   -8.1   -7.9   -7.6   -6.6  -17.1
ref 9 bytes=193 toc=0xfc sil0 intra1 trans0 bits1536
  L   -9.8  -13.1  -14.4  -15.3  -17.2  -15.7  -14.4  -13.7  -13.7  -13.2  -13.7  -14.4  -12.6  -11.6   -7.8   -7.6   -7.0   -6.9   -6.5   -5.7  -17.2
  R  -14.6  -17.9  -19.4  -19.3  -15.6  -15.3  -20.1  -21.8  -21.4  -15.6  -15.3  -20.1  -20.7  -11.5   -8.9   -8.4   -7.9   -7.8   -7.3   -6.7  -18.1
# dl8a: first 10 packets through our decoder; energies are log2 old_band_e
ours 0 bytes=204 toc=0xfc sil0 intra1 trans1 bits1624
  L   +0.4   +0.8   +2.0   +3.5   +4.3   +3.9   +4.6   +5.1   +4.7   +4.7   +4.5   +4.6   +4.6   +5.4   +5.7   +5.8   +5.5   +5.4   +6.0   +5.3   +3.9
  R   +0.7   +1.0   +2.5   +3.5   +4.0   +4.4   +4.6   +5.4   +4.7   +4.7   +4.7   +4.7   +4.7   +5.4   +5.7   +5.8   +5.5   +5.4   +6.0   +5.3   +3.9
ours 1 bytes=192 toc=0xfc sil0 intra1 trans0 bits1528
  L   -0.1   -0.6   -0.2   +1.9   +2.8   +2.7   +3.4   +3.5   +3.3   +3.0   +3.5   +3.5   +3.1   +4.0   +4.4   +4.3   +3.9   +3.7   +4.2   +3.7   +2.7
  R   -0.8   -0.0   +0.4   +1.6   +2.8   +3.2   +3.5   +4.0   +3.1   +3.0   +3.5   +3.5   +3.1   +4.0   +4.4   +4.2   +4.1   +3.7   +4.2   +3.8   +3.0
ours 2 bytes=188 toc=0xfc sil0 intra1 trans0 bits1496
  L   +1.6   +2.3   +2.4   +2.9   +3.7   +3.8   +3.3   +3.7   +2.5   +1.4   +3.3   +2.8   +2.2   +3.2   +3.8   +4.0   +3.4   +3.8   +4.2   +3.6   +3.2
  R   +1.4   +2.2   +2.3   +2.9   +3.7   +3.8   +3.5   +3.7   +2.3   +1.4   +3.3   +2.8   +2.4   +3.4   +3.8   +4.0   +3.6   +3.8   +4.2   +3.7   +3.2
ours 3 bytes=182 toc=0xfc sil0 intra0 trans0 bits1448
  L   +0.9   +2.3   +1.6   +3.9   +5.1   +4.0   +4.9   +4.4   +2.8   +2.4   +3.6   +2.6   +2.8   +2.8   +4.4   +3.6   +3.3   +3.5   +3.9   +2.7   +3.1
  R   +1.1   +2.2   +2.1   +3.9   +4.9   +4.0   +5.3   +3.4   +3.1   +2.4   +3.6   +2.9   +2.8   +2.9   +4.4   +3.6   +3.3   +3.5   +3.9   +2.8   +3.1
ours 4 bytes=183 toc=0xfc sil0 intra0 trans0 bits1456
  L   -0.2   +1.2   +1.7   +4.2   +4.5   +3.5   +4.3   +4.5   +2.4   +1.7   +3.5   +3.0   +2.6   +2.9   +4.9   +4.1   +2.3   +3.7   +3.0   +2.1   +1.6
  R   -0.1   +0.9   +1.9   +4.1   +4.4   +3.0   +4.7   +4.5   +2.8   +1.7   +3.5   +2.9   +2.6   +2.9   +4.9   +4.1   +2.5   +3.7   +3.0   +2.1   +1.6
ours 5 bytes=184 toc=0xfc sil0 intra0 trans0 bits1464
  L   -0.7   +1.2   +2.2   +4.5   +3.5   +2.5   +4.3   +5.1   +2.2   +2.1   +3.5   +2.0   +3.0   +2.7   +4.4   +3.5   +2.2   +3.7   +3.4   +2.6   -0.3
  R   -0.2   +0.6   +2.3   +4.4   +3.5   +2.0   +4.0   +4.1   +2.4   +2.0   +3.7   +2.7   +3.0   +3.2   +4.4   +3.7   +2.3   +3.7   +3.4   +2.6   -0.3
ours 6 bytes=177 toc=0xfc sil0 intra0 trans0 bits1408
  L   +0.0   +1.0   +0.7   +4.5   +3.2   +2.7   +4.5   +4.7   +2.4   +1.8   +3.2   +1.7   +2.4   +2.8   +3.9   +2.9   +1.6   +3.5   +3.5   +2.6   -0.3
  R   -0.2   +0.7   +1.8   +4.7   +3.3   +2.7   +4.4   +3.7   +2.2   +1.7   +3.3   +1.8   +2.4   +3.0   +4.2   +3.3   +1.4   +3.6   +3.5   +2.6   -0.3
ours 7 bytes=169 toc=0xfc sil0 intra0 trans0 bits1344
  L   -0.4   +1.1   +2.3   +4.0   +2.0   +2.9   +4.1   +4.2   +2.2   +2.3   +3.3   +2.1   +2.2   +3.1   +3.7   +3.1   +1.6   +3.3   +3.9   +3.1   -0.3
  R   -0.5   +0.7   +2.8   +3.8   +1.5   +3.1   +4.0   +4.2   +2.1   +2.1   +3.1   +1.9   +2.1   +3.2   +3.8   +3.0   +1.6   +3.4   +3.9   +3.1   -0.3
ours 8 bytes=165 toc=0xfc sil0 intra0 trans0 bits1312
  L   -0.1   +0.9   +3.3   +2.5   +2.0   +2.0   +3.1   +3.7   +1.6   +1.3   +3.0   +2.7   +0.6   +2.9   +3.5   +3.0   +2.0   +3.3   +4.2   +2.9   +0.7
  R   +0.1   +1.0   +3.5   +2.1   +1.3   +2.1   +3.1   +4.2   +1.5   +1.2   +3.2   +2.4   +0.5   +2.7   +3.6   +2.9   +2.0   +3.4   +4.2   +2.9   +0.7
ours 9 bytes=164 toc=0xfc sil0 intra0 trans1 bits1304
  L   +1.8   +2.4   +2.6   +1.2   +1.1   +1.4   +2.9   +3.9   +2.0   +1.4   +2.2   +1.5   +0.9   +2.4   +1.4   +2.6   +1.4   +1.8   +2.4   +1.9   +0.6
  R   +2.3   +2.7   +2.5   +2.2   +1.8   +1.7   +3.0   +3.9   +2.2   +1.3   +1.8   +2.1   +0.9   +2.3   +1.7   +2.6   +1.4   +1.6   +2.4   +1.9   +0.6
ref 0 bytes=243 toc=0xfc sil0 intra0 trans1 bits1936
  L   +0.2   +0.7   +1.4   +3.2   +4.1   +3.1   +4.6   +4.1   +4.6   +4.4   +4.4   +4.9   +4.4   +5.0   +5.5   +5.5   +5.3   +5.2   +5.8   +4.9   +4.0
  R   -0.6   +1.3   +1.9   +3.0   +4.0   +3.9   +4.9   +4.4   +4.7   +4.4   +4.4   +4.9   +4.4   +5.1   +5.5   +5.5   +5.4   +5.2   +5.8   +5.1   +4.0
ref 1 bytes=168 toc=0xfc sil0 intra0 trans0 bits1336
  L   -0.5   -0.1   +0.8   +1.7   +2.3   +2.8   +3.8   +3.4   +3.3   +2.9   +3.6   +3.4   +3.1   +3.9   +4.5   +4.3   +4.1   +3.7   +4.4   +3.8   +2.9
  R   -1.2   -0.0   +1.3   +1.6   +2.3   +3.2   +4.0   +4.1   +3.1   +2.9   +3.6   +3.4   +3.1   +4.0   +4.5   +4.3   +4.1   +3.7   +4.4   +3.8   +2.9
ref 2 bytes=159 toc=0xfc sil0 intra0 trans0 bits1264
  L   +1.9   +1.4   +1.9   +2.3   +3.1   +3.6   +3.1   +3.6   +2.9   +1.9   +2.7   +2.9   +2.7   +3.6   +4.0   +3.9   +3.5   +3.7   +4.1   +3.5   +2.8
  R   +1.5   +1.5   +1.6   +2.2   +3.1   +3.6   +3.3   +3.4   +2.5   +2.1   +2.7   +2.9   +2.7   +3.7   +4.0   +3.9   +3.5   +3.8   +4.3   +3.7   +2.8
ref 3 bytes=155 toc=0xfc sil0 intra0 trans0 bits1232
  L   +1.3   +2.6   +2.2   +3.9   +5.1   +3.8   +4.7   +3.7   +2.7   +2.2   +3.8   +2.5   +2.8   +2.8   +4.4   +3.6   +3.2   +3.6   +4.0   +3.1   +3.2
  R   +1.1   +2.4   +2.5   +3.8   +5.1   +3.7   +4.8   +3.1   +3.0   +2.3   +3.6   +2.7   +2.8   +2.8   +4.4   +3.6   +3.5   +3.7   +4.0   +3.1   +3.2
ref 4 bytes=161 toc=0xfc sil0 intra0 trans0 bits1280
  L   -0.2   +1.4   +1.7   +3.6   +4.3   +2.7   +4.8   +4.5   +2.4   +1.6   +3.1   +3.2   +2.6   +2.9   +4.7   +3.9   +2.4   +3.7   +3.1   +2.2   +1.7
  R   +0.2   +1.1   +2.1   +3.6   +4.3   +3.2   +4.6   +4.7   +2.8   +1.6   +3.5   +3.3   +2.6   +2.9   +4.7   +3.9   +2.5   +3.7   +3.2   +2.1   +1.7
ref 5 bytes=185 toc=0xfc sil0 intra0 trans0 bits1472
  L   +0.0   +0.8   +1.5   +4.5   +3.3   +2.7   +4.2   +4.6   +2.5   +1.8   +3.5   +2.1   +2.7   +2.4   +4.5   +3.6   +2.2   +3.7   +3.2   +2.5   -0.8
  R   +0.2   +0.4   +1.9   +4.4   +2.8   +2.7   +3.9   +4.2   +2.4   +2.0   +3.7   +2.4   +2.7   +2.7   +4.6   +3.8   +2.3   +3.7   +3.3   +2.5   -0.3
ref 6 bytes=193 toc=0xfc sil0 intra0 trans0 bits1536
  L   +0.1   +1.0   +2.2   +3.7   +2.6   +1.5   +3.8   +4.2   +2.0   +1.1   +2.6   +1.7   +1.9   +2.6   +3.7   +2.7   +1.7   +3.7   +3.5   +2.7   -0.1
  R   -0.0   +0.3   +2.3   +3.9   +2.9   +1.6   +3.7   +3.0   +1.6   +1.2   +2.7   +1.9   +2.0   +2.8   +3.8   +3.0   +1.4   +3.7   +3.4   +2.6   +0.2
ref 7 bytes=189 toc=0xfc sil0 intra0 trans0 bits1504
  L   +0.2   +1.1   +1.3   +3.6   +1.3   +1.6   +3.5   +3.4   +1.5   +1.2   +2.5   +1.5   +1.6   +3.0   +3.6   +2.9   +1.7   +3.2   +3.7   +3.0   -0.7
  R   +0.4   +1.3   +1.3   +3.8   +1.2   +1.9   +3.4   +3.3   +1.3   +1.3   +2.5   +1.6   +1.7   +2.8   +3.6   +3.1   +1.6   +3.2   +3.6   +3.0   -0.6
ref 8 bytes=184 toc=0xfc sil0 intra0 trans0 bits1464
  L   -0.3   +0.4   +2.7   +2.3   +0.8   +1.4   +2.8   +3.3   +1.5   +0.8   +2.6   +1.9   +1.0   +2.6   +3.2   +2.7   +1.7   +3.3   +4.4   +3.0   +0.5
  R   +0.1   +0.5   +2.7   +2.4   +0.5   +1.3   +2.4   +3.7   +1.6   +0.8   +2.6   +2.2   +1.1   +2.6   +3.2   +2.8   +1.9   +3.3   +4.5   +3.0   +0.6
ref 9 bytes=310 toc=0xfc sil0 intra0 trans1 bits2472
  L   +1.9   +2.6   +2.4   +2.4   +1.3   +1.4   +3.8   +3.9   +2.9   +1.4   +2.3   +2.1   +0.9   +2.9   +2.6   +3.5   +2.4   +3.8   +3.5   +2.6   +1.1
  R   +2.2   +2.9   +2.9   +2.8   +1.8   +1.4   +3.3   +4.3   +3.3   +1.4   +2.3   +1.8   +1.0   +2.5   +2.5   +3.6   +2.6   +3.8   +3.6   +2.6   +1.1
# hein: first 10 packets through our decoder; energies are log2 old_band_e
ours 0 bytes=83 toc=0xfc sil0 intra1 trans0 bits656
  L  -16.4  -17.0  -16.5  -16.5  -17.4  -17.3  -17.3  -17.3  -17.4  -17.4  -17.4  -17.3  -17.4  -17.4  -17.4  -17.3  -17.0  -17.0  -17.0  -17.0  -17.0
  R  -16.4  -17.0  -16.5  -16.5  -17.4  -17.3  -17.3  -17.3  -17.4  -17.4  -17.4  -17.3  -17.4  -17.4  -17.4  -17.3  -17.0  -17.0  -17.0  -17.0  -17.0
ours 1 bytes=132 toc=0xfc sil0 intra1 trans1 bits1048
  L  -21.6  -22.5  -22.9  -19.7  -21.2  -22.5  -25.9  -26.3  -22.6  -20.7  -22.5  -20.9  -22.9  -20.8  -22.1  -23.5  -20.3  -21.5  -19.9  -19.2  -19.3
  R  -21.6  -22.5  -22.9  -19.7  -21.2  -22.5  -25.9  -26.3  -22.6  -20.7  -22.5  -20.9  -22.9  -20.8  -22.1  -23.5  -20.3  -21.5  -19.9  -19.2  -19.3
ours 2 bytes=280 toc=0xfc sil0 intra1 trans1 bits2232
  L  -17.1  -16.3  -18.3  -18.2  -18.2  -18.0  -17.5  -17.5  -16.2  -16.0  -16.8  -17.1  -15.9  -15.7  -16.0  -15.6  -15.0  -14.7  -14.1  -11.9  -13.7
  R  -17.1  -16.3  -18.3  -18.2  -18.2  -18.0  -17.5  -17.5  -16.2  -16.0  -16.8  -17.1  -15.9  -15.7  -16.0  -15.6  -15.0  -14.7  -14.1  -11.9  -13.7
ours 3 bytes=234 toc=0xfc sil0 intra1 trans1 bits1864
  L  -14.6  -14.6  -13.6  -13.5  -14.2  -13.3  -13.2  -12.9  -12.9  -12.1  -12.0  -11.3  -11.7  -10.3  -10.3  -10.6  -10.4   -9.5   -9.9   -9.0  -10.6
  R  -14.6  -14.6  -13.6  -13.5  -14.2  -13.3  -13.2  -12.9  -12.9  -12.1  -12.0  -11.3  -11.7  -10.3  -10.3  -10.6  -10.4   -9.5   -9.9   -9.0  -10.6
ours 4 bytes=200 toc=0xfc sil0 intra1 trans1 bits1592
  L   -4.1   -4.8   -4.9   -5.2   -6.2   -5.2   -5.9   -4.8   -4.5   -4.4   -4.6   -4.4   -5.1   -4.2   -4.6   -3.9   -4.1   -3.6   -3.6   -3.6   -9.2
  R   -4.1   -4.8   -4.9   -5.2   -6.2   -5.2   -5.9   -4.8   -4.5   -4.4   -4.6   -4.4   -5.1   -4.2   -4.6   -3.9   -4.1   -3.6   -3.6   -3.6   -9.2
ours 5 bytes=121 toc=0xfc sil0 intra1 trans0 bits960
  L   -5.8   -6.4   -8.2   -6.9   -6.6   -6.6   -6.6   -6.6   -6.1   -5.7   -5.7   -5.7   -6.1   -5.8   -5.6   -5.8   -5.3   -5.5   -5.2   -5.5  -15.9
  R   -5.8   -6.4   -8.2   -6.9   -6.6   -6.6   -6.6   -6.6   -6.1   -5.7   -5.7   -5.7   -6.1   -5.8   -5.6   -5.8   -5.3   -5.5   -5.2   -5.5  -15.9
ours 6 bytes=123 toc=0xfc sil0 intra1 trans0 bits976
  L   -5.8   -6.9   -6.6   -6.6   -7.1   -7.1   -7.1   -6.6   -6.1   -5.7   -5.2   -5.4   -6.7   -6.2   -6.1   -5.6   -5.3   -5.5   -4.8   -5.3  -16.4
  R   -5.8   -6.9   -6.6   -6.6   -7.1   -7.1   -7.1   -6.6   -6.1   -5.7   -5.2   -5.4   -6.7   -6.2   -6.1   -5.6   -5.3   -5.5   -4.8   -5.3  -16.4
ours 7 bytes=124 toc=0xfc sil0 intra0 trans0 bits984
  L   -5.0   -6.8   -7.7   -6.5   -6.5   -7.0   -7.0   -6.7   -6.1   -5.3   -5.7   -5.6   -6.2   -5.9   -5.9   -5.6   -5.5   -5.6   -5.0   -5.2  -15.6
  R   -5.0   -6.8   -7.7   -6.5   -6.5   -7.0   -7.0   -6.7   -6.1   -5.3   -5.7   -5.6   -6.2   -5.9   -5.9   -5.6   -5.5   -5.6   -5.0   -5.2  -15.6
ours 8 bytes=132 toc=0xfc sil0 intra0 trans0 bits1048
  L   -4.2   -6.2   -6.5   -6.9   -6.7   -5.9   -6.6   -6.8   -5.9   -5.2   -4.5   -5.7   -6.1   -6.3   -5.8   -5.4   -5.3   -5.1   -4.6   -4.7  -15.6
  R   -4.2   -6.2   -6.5   -6.9   -6.7   -5.9   -6.6   -6.8   -5.9   -5.2   -4.5   -5.7   -6.1   -6.3   -5.8   -5.4   -5.3   -5.1   -4.6   -4.7  -15.6
ours 9 bytes=132 toc=0xfc sil0 intra0 trans0 bits1048
  L   -4.9   -5.8   -6.9   -6.9   -6.3   -6.4   -6.8   -5.9   -5.5   -6.1   -4.2   -5.5   -5.8   -5.7   -5.9   -5.3   -5.4   -5.1   -4.5   -4.8  -15.6
  R   -4.9   -5.8   -6.9   -6.9   -6.3   -6.4   -6.8   -5.9   -5.5   -6.1   -4.2   -5.5   -5.8   -5.7   -5.9   -5.3   -5.4   -5.1   -4.5   -4.8  -15.6
ref 0 bytes=3 toc=0xfc sil1 intra0 trans0 bits16
  L  -28.0  -28.0  -28.0  -28.0  -28.0  -28.0  -28.0  -28.0  -28.0  -28.0  -28.0  -28.0  -28.0  -28.0  -28.0  -28.0  -28.0  -28.0  -28.0  -28.0  -28.0
  R  -28.0  -28.0  -28.0  -28.0  -28.0  -28.0  -28.0  -28.0  -28.0  -28.0  -28.0  -28.0  -28.0  -28.0  -28.0  -28.0  -28.0  -28.0  -28.0  -28.0  -28.0
ref 1 bytes=3 toc=0xfc sil1 intra0 trans0 bits16
  L  -28.0  -28.0  -28.0  -28.0  -28.0  -28.0  -28.0  -28.0  -28.0  -28.0  -28.0  -28.0  -28.0  -28.0  -28.0  -28.0  -28.0  -28.0  -28.0  -28.0  -28.0
  R  -28.0  -28.0  -28.0  -28.0  -28.0  -28.0  -28.0  -28.0  -28.0  -28.0  -28.0  -28.0  -28.0  -28.0  -28.0  -28.0  -28.0  -28.0  -28.0  -28.0  -28.0
ref 2 bytes=215 toc=0xfc sil0 intra1 trans1 bits1712
  L  -19.1  -19.5  -19.1  -19.1  -19.8  -20.7  -20.3  -18.7  -18.1  -18.2  -18.2  -17.7  -18.4  -16.1  -17.3  -17.6  -16.0  -16.0  -15.6  -13.8  -15.2
  R  -19.1  -19.5  -19.1  -19.1  -19.8  -20.7  -20.3  -18.7  -18.1  -18.2  -18.2  -17.7  -18.4  -16.1  -17.3  -17.6  -16.0  -16.0  -15.6  -13.8  -15.2
ref 3 bytes=245 toc=0xfc sil0 intra1 trans1 bits1952
  L  -14.9  -15.1  -14.6  -14.6  -15.8  -16.2  -15.0  -14.4  -14.1  -14.1  -13.8  -14.0  -13.8  -12.7  -12.9  -12.6  -11.9  -11.7  -11.7  -10.2  -11.5
  R  -14.9  -15.1  -14.6  -14.6  -15.8  -16.2  -15.0  -14.4  -14.1  -14.1  -13.8  -14.0  -13.8  -12.7  -12.9  -12.6  -11.9  -11.7  -11.7  -10.2  -11.5
ref 4 bytes=281 toc=0xfc sil0 intra0 trans1 bits2240
  L   -4.1   -4.9   -5.4   -6.4   -6.2   -5.7   -5.2   -5.4   -4.4   -5.1   -4.4   -4.9   -4.9   -4.4   -4.6   -4.1   -4.1   -3.7   -3.8   -3.8   -8.4
  R   -4.1   -4.9   -5.4   -6.4   -6.2   -5.7   -5.2   -5.4   -4.4   -5.1   -4.4   -4.9   -4.9   -4.4   -4.6   -4.1   -4.1   -3.7   -3.8   -3.8   -8.4
ref 5 bytes=130 toc=0xfc sil0 intra0 trans0 bits1032
  L   -5.9   -6.4   -7.9   -6.8   -6.9   -6.6   -6.9   -6.5   -6.1   -5.8   -5.7   -5.9   -6.3   -6.1   -5.7   -5.9   -5.7   -5.2   -5.1   -5.3  -15.1
  R   -5.9   -6.4   -7.9   -6.8   -6.9   -6.6   -6.9   -6.5   -6.1   -5.8   -5.7   -5.9   -6.3   -6.1   -5.7   -5.9   -5.7   -5.2   -5.1   -5.3  -15.1
ref 6 bytes=128 toc=0xfc sil0 intra0 trans0 bits1016
  L   -5.7   -6.9   -6.9   -7.3   -6.7   -6.8   -7.4   -7.0   -6.2   -5.9   -5.3   -5.6   -6.4   -6.1   -5.9   -5.8   -5.2   -5.4   -4.9   -5.3  -16.6
  R   -5.7   -6.9   -6.9   -7.3   -6.7   -6.8   -7.4   -7.0   -6.2   -5.9   -5.3   -5.6   -6.4   -6.1   -5.9   -5.8   -5.2   -5.4   -4.9   -5.3  -16.6
ref 7 bytes=128 toc=0xfc sil0 intra0 trans0 bits1016
  L   -5.1   -7.3   -7.4   -6.9   -6.3   -7.3   -7.9   -6.2   -6.2   -5.9   -5.6   -5.7   -6.5   -6.1   -5.8   -5.7   -5.4   -5.3   -4.9   -5.1  -16.1
  R   -5.1   -7.3   -7.4   -6.9   -6.3   -7.3   -7.9   -6.2   -6.2   -5.9   -5.6   -5.7   -6.5   -6.1   -5.8   -5.7   -5.4   -5.3   -4.9   -5.1  -16.1
ref 8 bytes=125 toc=0xfc sil0 intra0 trans0 bits992
  L   -4.3   -5.5   -6.6   -7.1   -6.6   -6.1   -6.6   -6.8   -5.9   -4.9   -4.9   -6.0   -6.1   -5.9   -5.7   -5.2   -5.2   -5.2   -4.8   -4.8  -15.6
  R   -4.3   -5.5   -6.6   -7.1   -6.6   -6.1   -6.6   -6.8   -5.9   -4.9   -4.9   -6.0   -6.1   -5.9   -5.7   -5.2   -5.2   -5.2   -4.8   -4.8  -15.6
ref 9 bytes=125 toc=0xfc sil0 intra0 trans0 bits992
  L   -4.5   -5.6   -6.9   -7.0   -6.2   -6.0   -7.3   -6.1   -5.5   -5.6   -4.4   -5.2   -6.1   -5.8   -5.9   -5.4   -5.4   -5.2   -4.4   -4.9  -15.6
  R   -4.5   -5.6   -6.9   -7.0   -6.2   -6.0   -7.3   -6.1   -5.5   -5.6   -4.4   -5.2   -6.1   -5.8   -5.9   -5.4   -5.4   -5.2   -4.4   -4.9  -15.6
