nik     96     83.2      84.5      -1.60 0.9876    0.9903   0.0027  0.967    0.976   0     PASS
nik     128    116.2     115.8     +0.41 0.9929    0.9951   0.0023  0.977    0.984   0     PASS
zaur    96     80.6      81.8      -1.43 0.9910    0.9922   0.0012  0.960    0.975   0     PASS
zaur    128    109.4     108.6     +0.68 0.9948    0.9955   0.0007  0.974    0.983   0     PASS
her     96     87.2      89.9      -2.94 0.9873    0.9867   -0.0006 0.950    0.947   0     PASS
her     128    123.1     124.9     -1.45 0.9917    0.9927   0.0010  0.963    0.969   0     PASS
naz     96     84.2      85.5      -1.52 0.9941    0.9923   -0.0018 0.959    0.966   0     PASS
naz     128    121.9     120.9     +0.88 0.9970    0.9968   -0.0002 0.973    0.981   0     PASS
sadie   96     81.4      79.3      +2.74 0.9876    0.9865   -0.0010 0.909    0.927   0     PASS
sadie   128    93.3      91.0      +2.48 0.9919    0.9906   -0.0012 0.935    0.950   0     PASS
dl8a    96     86.4      86.9      -0.64 0.9901    0.9916   0.0015  0.972    0.982   0     PASS
dl8a    128    119.4     117.8     +1.41 0.9941    0.9957   0.0016  0.982    0.989   0     PASS
hein    96     80.7      79.1      +2.05 0.9888    0.9869   -0.0018 0.911    0.937   0     PASS
hein    128    92.3      90.7      +1.78 0.9925    0.9906   -0.0019 0.941    0.949   0     PASS
source  kbps   ours_kbps ref_kbps rate%   corr_ours corr_ref gap     minsec_o minsec_r drops verdict
