
=== sadie@96k  rate +2.97%  gap 0.0007  dropouts 1 ===
  sec 315: ours 0.890 ref 0.947
    idx  centre_s  n     kind  steady bits   headroom rate_hr reservoir target
    22330   313.00  2048  L     false  2421       36.0    32.3   27053.4   922.6
    22331   313.02  2048  L     true   1986       32.3    30.3   26643.4  1640.1
    22332   313.05  2048  L     true   2108       30.3    28.3   26233.3  1640.1
    22333   313.07  2048  L     false  2392       36.0    28.3   26985.2  1640.1
    22334   313.08  256   S     false  936        36.0    28.3   26998.7   922.6
    22335   313.08  256   S     false  947        36.0    28.3   27053.4   205.0
    22336   313.08  256   S     false  870        36.0    28.3   27053.4   205.0
    22337   313.09  256   S     false  893        36.0    28.3   27053.4   205.0
    22338   313.09  256   S     false  802        36.0    28.3   27053.4   205.0
    22339   313.09  256   S     false  799        36.0    28.3   27053.4   205.0
    22340   313.09  256   S     false  751        36.0    28.3   27053.4   205.0
    22341   313.10  256   S     false  757        36.0    28.3   27053.4   205.0
    22342   313.10  256   S     false  784        36.0    28.3   27053.4   205.0
    22343   313.10  256   S     false  752        36.0    28.3   27053.4   205.0
    22344   313.11  256   S     false  764        36.0    28.3   27053.4   205.0
    22345   313.11  256   S     false  760        36.0    28.3   27053.4   205.0
    22346   313.11  256   S     false  719        36.0    28.3   27053.4   205.0
    22347   313.11  256   S     false  758        36.0    28.3   27053.4   205.0
    22348   313.12  256   S     false  794        36.0    28.3   27053.4   205.0
    22349   313.12  256   S     false  795        36.0    28.3   27053.4   205.0
    22350   313.13  2048  L     false  1409       36.0    28.3   27053.4   922.6
    22351   313.15  2048  L     true   1218       28.3    28.3   26643.4  1640.1
    22352   313.17  2048  L     true   1266       28.3    28.2   26233.3  1640.1
    22353   313.19  2048  L     true   1291       28.2    28.0   25823.3  1640.1
    22354   313.22  2048  L     true   1418       28.0    27.5   25413.3  1640.1
    22355   313.24  2048  L     true   1534       27.5    26.6   25003.3  1640.1
    22356   313.26  2048  L     true   1529       26.6    25.7   24593.2  1640.1
    22357   313.28  2048  L     true   1388       25.7    25.2   24183.2  1640.1
    22358   313.30  2048  L     true   1114       25.2    25.6   23773.2  1640.1
    22359   313.32  2048  L     true   1112       25.6    25.9   23363.1  1640.1
    22360   313.34  2048  L     true   1120       25.9    26.3   22953.1  1640.1
    22361   313.37  2048  L     true   1096       26.3    26.7   22543.1  1640.1
    22362   313.39  2048  L     true   1442       26.7    26.0   22133.1  1640.1
    22363   313.41  2048  L     true   1060       26.0    26.5   21723.0  1640.1
    22364   313.43  2048  L     true   1334       26.5    26.2   21313.0  1640.1
    22365   313.45  2048  L     true   1389       26.2    25.8   20903.0  1640.1
    22366   313.47  2048  L     true   1221       25.8    25.8   20492.9  1640.1
    22367   313.49  2048  L     true   1237       25.8    25.8   20082.9  1640.1
    22368   313.51  2048  L     true   1290       25.8    25.6   19672.9  1640.1
    22369   313.54  2048  L     true   1029       25.6    26.2   19262.9  1640.1
    22370   313.56  2048  L     false  1029       36.0    26.2   18651.8  1640.1
    22371   313.57  256   S     false  377        36.0    26.2   18106.2   922.6
    22372   313.57  256   S     false  342        36.0    26.2   18243.2   205.0
    22373   313.57  256   S     false  358        36.0    26.2   18396.2   205.0
    22374   313.58  256   S     false  725        36.0    26.2   18916.1   205.0
    22375   313.58  256   S     false  943        36.0    26.2   19654.1   205.0
    22376   313.58  256   S     false  793        36.0    26.2   20242.1   205.0
    22377   313.59  256   S     false  629        36.0    26.2   20666.1   205.0
    22378   313.59  256   S     false  632        36.0    26.2   21093.1   205.0
    22379   313.59  256   S     false  728        36.0    26.2   21616.1   205.0
    22380   313.59  256   S     false  747        36.0    26.2   22158.1   205.0
    22381   313.60  256   S     false  838        36.0    26.2   22791.0   205.0
    22382   313.60  256   S     false  811        36.0    26.2   23397.0   205.0
    22383   313.60  256   S     false  882        36.0    26.2   24074.0   205.0
    22384   313.60  256   S     false  827        36.0    26.2   24696.0   205.0
    22385   313.61  256   S     false  963        36.0    26.2   25454.0   205.0
    22386   313.61  256   S     false  913        36.0    26.2   26162.0   205.0
    22387   313.62  2048  L     false  1511       36.0    26.2   26750.4   922.6
    22388   313.64  2048  L     true   1180       26.2    26.3   26340.4  1640.1
    22389   313.66  2048  L     true   1262       26.3    26.2   25930.4  1640.1
    22390   313.69  2048  L     true   1261       26.2    26.1   25520.3  1640.1
    22391   313.71  2048  L     true   1204       26.1    26.2   25110.3  1640.1
    22392   313.73  2048  L     true   955        26.2    27.0   24700.3  1640.1
    22393   313.75  2048  L     true   857        27.0    28.1   24290.2  1640.1
    22394   313.77  2048  L     true   1622       28.1    27.0   23880.2  1640.1
    22395   313.79  2048  L     true   1382       27.0    26.5   23470.2  1640.1
    22396   313.81  2048  L     true   1150       26.5    26.8   23060.2  1640.1
    22397   313.83  2048  L     true   1195       26.8    26.9   22650.1  1640.1
    22398   313.86  2048  L     true   1367       26.9    26.5   22240.1  1640.1
    22399   313.88  2048  L     true   1467       26.5    25.8   21830.1  1640.1
    22400   313.90  2048  L     true   1033       25.8    26.3   21420.1  1640.1
    22401   313.92  2048  L     true   1328       26.3    26.1   21010.0  1640.1
    22402   313.94  2048  L     true   1333       26.1    25.8   20600.0  1640.1
    22403   313.96  2048  L     true   1286       25.8    25.6   20190.0  1640.1
    22404   313.98  2048  L     true   1451       25.6    24.9   19779.9  1640.1
    22405   314.01  2048  L     true   1250       24.9    24.9   19369.9  1640.1
    22406   314.03  2048  L     true   1394       24.9    24.4   18959.9  1640.1
    22407   314.05  2048  L     true   1026       24.4    25.0   18549.9  1640.1
    22408   314.07  2048  L     true   1970       25.0    23.0   18139.8  1640.1
    22409   314.09  2048  L     true   2031       23.0    21.0   17729.8  1640.1
    22410   314.11  2048  L     true   1521       21.0    20.1   17319.8  1640.1
    22411   314.13  2048  L     true   1565       20.1    19.2   16909.7  1640.1
    22412   314.15  2048  L     true   1252       19.2    19.1   16499.7  1640.1
    22413   314.18  2048  L     true   1113       19.1    19.4   16089.7  1640.1
    22414   314.20  2048  L     true   1025       19.4    20.0   15679.7  1640.1
    22415   314.22  2048  L     true   1001       20.0    20.7   15269.6  1640.1
    22416   314.24  2048  L     true   939        20.7    21.6   14859.6  1640.1
    22417   314.26  2048  L     true   1085       21.6    22.0   14449.6  1640.1
    22418   314.28  2048  L     true   1005       22.0    22.7   14039.5  1640.1
    22419   314.30  2048  L     true   1106       22.7    23.0   13629.5  1640.1
    22420   314.33  2048  L     true   1103       23.0    23.4   13219.5  1640.1
    22421   314.35  2048  L     true   978        23.4    24.1   12809.5  1640.1
    22422   314.37  2048  L     false  1489       36.0    24.1   12658.3  1640.1
    22423   314.38  256   S     false  501        36.0    24.1   12236.8   922.6
    22424   314.38  256   S     false  412        36.0    24.1   12443.8   205.0
    22425   314.39  256   S     false  423        36.0    24.1   12661.8   205.0
    22426   314.39  256   S     false  457        36.0    24.1   12913.7   205.0
    22427   314.39  256   S     false  472        36.0    24.1   13180.7   205.0
    22428   314.39  256   S     false  802        36.0    24.1   13777.7   205.0
    22429   314.40  256   S     false  949        36.0    24.1   14521.7   205.0
    22430   314.40  256   S     false  949        36.0    24.1   15265.7   205.0
    22431   314.40  256   S     false  1061       36.0    24.1   16121.7   205.0
    22432   314.40  256   S     false  1141       36.0    24.1   17057.7   205.0
    22433   314.41  256   S     false  1169       36.0    24.1   18021.6   205.0
    22434   314.41  256   S     false  1167       36.0    24.1   18983.6   205.0
    22435   314.41  256   S     false  1118       36.0    24.1   19896.6   205.0
    22436   314.41  256   S     false  1145       36.0    24.1   20836.6   205.0
    22437   314.42  256   S     false  1183       36.0    24.1   21814.6   205.0
    22438   314.42  256   S     false  1163       36.0    24.1   22772.6   205.0
    22439   314.43  2048  L     false  2491       36.0    24.1   24341.0   922.6
    22440   314.45  2048  L     true   1199       24.1    24.2   23931.0  1640.1
    22441   314.47  2048  L     true   1262       24.2    24.1   23521.0  1640.1
    22442   314.50  2048  L     false  1758       36.0    24.1   23638.8  1640.1
    22443   314.51  256   S     false  507        36.0    24.1   23223.3   922.6
    22444   314.51  256   S     false  482        36.0    24.1   23500.3   205.0
    22445   314.51  256   S     false  481        36.0    24.1   23776.3   205.0
    22446   314.52  256   S     false  455        36.0    24.1   24026.2   205.0
    22447   314.52  256   S     false  455        36.0    24.1   24276.2   205.0
    22448   314.52  256   S     false  412        36.0    24.1   24483.2   205.0
    22449   314.52  256   S     false  405        36.0    24.1   24683.2   205.0
    22450   314.53  256   S     false  415        36.0    24.1   24893.2   205.0
    22451   314.53  256   S     false  524        36.0    24.1   25212.2   205.0
    22452   314.53  256   S     false  576        36.0    24.1   25583.2   205.0
    22453   314.53  256   S     false  1077       36.0    24.1   26455.1   205.0
    22454   314.54  256   S     false  1095       36.0    24.1   27053.4   205.0
    22455   314.54  256   S     false  999        36.0    24.1   27053.4   205.0
    22456   314.54  256   S     false  899        36.0    24.1   27053.4   205.0
    22457   314.55  256   S     false  822        36.0    24.1   27053.4   205.0
    22458   314.55  256   S     false  869        36.0    24.1   27053.4   205.0
    22459   314.56  2048  L     false  1920       36.0    24.1   27053.4   922.6
    22460   314.58  2048  L     true   1079       24.1    24.6   26643.4  1640.1
    22461   314.60  2048  L     true   1162       24.6    24.8   26233.3  1640.1
    22462   314.62  2048  L     true   1142       24.8    25.0   25823.3  1640.1
    22463   314.65  2048  L     true   1234       25.0    25.0   25413.3  1640.1
    22464   314.67  2048  L     true   1248       25.0    25.0   25003.3  1640.1
    22465   314.69  2048  L     true   1319       25.0    24.7   24593.2  1640.1
    22466   314.71  2048  L     true   941        24.7    25.6   24183.2  1640.1
    22467   314.73  2048  L     true   702        25.6    27.1   23773.2  1640.1
    22468   314.75  2048  L     true   634        27.1    28.8   23363.1  1640.1
    22469   314.77  2048  L     true   796        28.8    30.1   22953.1  1640.1
    22470   314.79  2048  L     false  1867       36.0    30.1   23180.0  1640.1
    22471   314.81  256   S     false  381        36.0    30.1   22638.4   922.6
    22472   314.81  256   S     false  343        36.0    30.1   22776.4   205.0
    22473   314.81  256   S     false  444        36.0    30.1   23015.4   205.0
    22474   314.81  256   S     false  383        36.0    30.1   23193.4   205.0
    22475   314.82  256   S     false  441        36.0    30.1   23429.4   205.0
    22476   314.82  256   S     false  351        36.0    30.1   23575.4   205.0
    22477   314.82  256   S     false  334        36.0    30.1   23704.4   205.0
    22478   314.83  256   S     false  349        36.0    30.1   23848.3   205.0
    22479   314.83  256   S     false  839        36.0    30.1   24482.3   205.0
    22480   314.83  256   S     false  764        36.0    30.1   25041.3   205.0
    22481   314.83  256   S     false  866        36.0    30.1   25702.3   205.0
    22482   314.84  256   S     false  765        36.0    30.1   26262.3   205.0
    22483   314.84  256   S     false  732        36.0    30.1   26789.3   205.0
    22484   314.84  256   S     false  890        36.0    30.1   27053.4   205.0
    22485   314.84  256   S     false  900        36.0    30.1   27053.4   205.0
    22486   314.85  256   S     false  948        36.0    30.1   27053.4   205.0
    22487   314.86  2048  L     false  2042       36.0    30.1   27053.4   922.6
    22488   314.88  2048  L     true   1574       30.1    29.1   26643.4  1640.1
    22489   314.90  2048  L     true   1409       29.1    28.6   26233.3  1640.1
    22490   314.92  2048  L     true   1522       28.6    27.7   25823.3  1640.1
    22491   314.94  2048  L     true   1390       27.7    27.3   25413.3  1640.1
    22492   314.97  2048  L     true   1288       27.3    27.1   25003.3  1640.1
    22493   314.99  2048  L     true   1363       27.1    26.7   24593.2  1640.1
    22494   315.01  2048  L     true   1673       26.7    25.4   24183.2  1640.1
    22495   315.03  2048  L     true   2285       25.4    23.4   23773.2  1640.1
    22496   315.05  2048  L     true   1038       23.4    24.0   23363.1  1640.1
    22497   315.07  2048  L     true   1071       24.0    24.4   22953.1  1640.1
    22498   315.09  2048  L     true   1064       24.4    24.9   22543.1  1640.1
    22499   315.11  2048  L     true   1805       24.9    23.2   22133.1  1640.1
    22500   315.14  2048  L     true   1436       23.2    22.6   21723.0  1640.1
    22501   315.16  2048  L     true   2126       22.6    20.6   21313.0  1640.1
    22502   315.18  2048  L     true   1073       20.6    21.1   20903.0  1640.1
    22503   315.20  2048  L     true   890        21.1    22.1   20492.9  1640.1
    22504   315.22  2048  L     true   753        22.1    23.5   20082.9  1640.1
    22505   315.24  2048  L     true   1108       23.5    23.8   19672.9  1640.1
    22506   315.26  2048  L     true   1217       23.8    23.9   19262.9  1640.1
    22507   315.29  2048  L     true   1130       23.9    24.2   18852.8  1640.1
    22508   315.31  2048  L     true   1170       24.2    24.4   18442.8  1640.1
    22509   315.33  2048  L     true   1395       24.4    23.9   18032.8  1640.1
    22510   315.35  2048  L     true   764        23.9    25.2   17622.8  1640.1
    22511   315.37  2048  L     true   1233       25.2    25.2   17212.7  1640.1
    22512   315.39  2048  L     true   1760       25.2    23.7   16802.7  1640.1
    22513   315.41  2048  L     true   1362       23.7    23.3   16392.7  1640.1
    22514   315.43  2048  L     true   1166       23.3    23.5   15982.6  1640.1
    22515   315.46  2048  L     true   1144       23.5    23.7   15572.6  1640.1
    22516   315.48  2048  L     true   1348       23.7    23.4   15162.6  1640.1
    22517   315.50  2048  L     true   2023       23.4    21.4   14752.6  1640.1
    22518   315.52  2048  L     true   1851       21.4    19.6   14342.5  1640.1
    22519   315.54  2048  L     true   1302       19.6    19.4   13932.5  1640.1
    22520   315.56  2048  L     true   1066       19.4    19.8   13522.5  1640.1
    22521   315.58  2048  L     true   1464       19.8    19.1   13112.4  1640.1
    22522   315.61  2048  L     true   1006       19.1    19.8   12702.4  1640.1
    22523   315.63  2048  L     true   1021       19.8    20.4   12292.4  1640.1
    22524   315.65  2048  L     true   1075       20.4    20.9   11882.4  1640.1
    22525   315.67  2048  L     true   1197       20.9    21.0   11472.3  1640.1
    22526   315.69  2048  L     true   1049       21.0    21.5   11062.3  1640.1
    22527   315.71  2048  L     true   1129       21.5    21.8   10652.3  1640.1
    22528   315.73  2048  L     true   1173       21.8    22.0   10242.2  1640.1
    22529   315.75  2048  L     true   1753       22.0    20.4    9832.2  1640.1
    22530   315.78  2048  L     true   1271       20.4    20.3    9422.2  1640.1
    22531   315.80  2048  L     true   1206       20.3    20.4    9012.2  1640.1
    22532   315.82  2048  L     true   1208       20.4    20.4    8602.1  1640.1
    22533   315.84  2048  L     true   1433       20.4    19.8    8192.1  1640.1
    22534   315.86  2048  L     true   1412       19.8    19.3    7782.1  1640.1
    22535   315.88  2048  L     true   1181       19.3    19.5    7372.1  1640.1
    22536   315.90  2048  L     true   1302       19.5    19.2    6962.0  1640.1
    22537   315.93  2048  L     true   1219       19.2    19.3    6552.0  1640.1
    22538   315.95  2048  L     true   1401       19.3    18.8    6142.0  1640.1
    22539   315.97  2048  L     true   1178       18.8    18.9    5731.9  1640.1
    22540   315.99  2048  L     true   1042       18.9    19.5    5321.9  1640.1
    22541   316.01  2048  L     true   1039       19.5    20.0    4911.9  1640.1
    22542   316.03  2048  L     true   1032       20.0    20.6    4501.9  1640.1
    22543   316.05  2048  L     true   892        20.6    21.6    4091.8  1640.1
    22544   316.07  2048  L     true   854        21.6    22.7    3681.8  1640.1
    22545   316.10  2048  L     true   762        22.7    24.1    3271.8  1640.1
    22546   316.12  2048  L     true   777        24.1    25.4    2861.7  1640.1
    22547   316.14  2048  L     true   773        25.4    26.8    2451.7  1640.1
    22548   316.16  2048  L     true   830        26.8    27.9    2041.7  1640.1
    22549   316.18  2048  L     true   884        27.9    28.9    1631.7  1640.1
    22550   316.20  2048  L     true   1036       28.9    29.5    1221.6  1640.1
    22551   316.22  2048  L     true   1274       29.5    29.4     811.6  1640.1
    22552   316.25  2048  L     true   1459       29.4    28.7     401.6  1640.1
    22553   316.27  2048  L     true   1175       28.7    28.9       0.0  1640.1
    22554   316.29  2048  L     true   1531       28.9    29.2       0.0  1640.1
    22555   316.31  2048  L     true   1765       29.2    28.9       0.0  1640.1
    22556   316.33  2048  L     true   1906       28.9    28.1       0.0  1640.1
    22557   316.35  2048  L     true   1595       28.1    28.2       0.0  1640.1
    22558   316.37  2048  L     true   1934       28.2    27.3       0.0  1640.1
    22559   316.39  2048  L     true   1729       27.3    27.1       0.0  1640.1
    22560   316.42  2048  L     true   1719       27.1    26.9       0.0  1640.1
    22561   316.44  2048  L     true   1497       26.9    27.3       0.0  1640.1
    22562   316.46  2048  L     true   1363       27.3    28.1       0.0  1640.1
    22563   316.48  2048  L     true   1175       28.1    29.4       0.0  1640.1
    22564   316.50  2048  L     true   1358       29.4    30.3       0.0  1640.1
    22565   316.52  2048  L     true   1404       30.3    31.0       0.0  1640.1
    22566   316.54  2048  L     true   1361       31.0    31.8       0.0  1640.1
    22567   316.57  2048  L     true   1665       31.8    31.7       0.0  1640.1
    22568   316.59  2048  L     true   1531       31.7    32.0       0.0  1640.1
    22569   316.61  2048  L     true   1456       32.0    32.6       0.0  1640.1
    22570   316.63  2048  L     true   1873       32.6    31.9       0.0  1640.1
    22571   316.65  2048  L     true   2053       31.9    30.7       0.0  1640.1
    22572   316.67  2048  L     true   1637       30.7    30.7       0.0  1640.1
    22573   316.69  2048  L     true   1229       30.7    31.9       0.0  1640.1
    22574   316.71  2048  L     true   1367       31.9    32.7       0.0  1640.1
    22575   316.74  2048  L     true   1215       32.7    33.9       0.0  1640.1
    22576   316.76  2048  L     true   1318       33.9    34.9       0.0  1640.1
    22577   316.78  2048  L     true   1268       34.9    36.0       0.0  1640.1
    22578   316.80  2048  L     true   2584       36.0    34.0       0.0  1640.1
    22579   316.82  2048  L     true   2247       34.0    32.2       0.0  1640.1
    22580   316.84  2048  L     true   2342       32.2    30.2       0.0  1640.1
    22581   316.86  2048  L     true   516        30.2    32.2       0.0  1640.1
    22582   316.89  2048  L     true   609        32.2    34.2       0.0  1640.1
    22583   316.91  2048  L     true   642        34.2    36.2       0.0  1640.1
    22584   316.93  2048  L     true   707        36.2    38.2       0.0  1640.1
    22585   316.95  2048  L     true   736        38.2    40.2       0.0  1640.1
    22586   316.97  2048  L     true   843        40.2    42.2       0.0  1640.1
    22587   316.99  2048  L     true   958        42.2    44.2       0.0  1640.1
    22588   317.01  2048  L     true   1061       44.2    45.9       0.0  1640.1
    22589   317.03  2048  L     true   1178       45.9    47.2       0.0  1640.1
    22590   317.06  2048  L     true   1273       47.2    48.3       0.0  1640.1
    22591   317.08  2048  L     true   1418       48.3    49.0       0.0  1640.1
    22592   317.10  2048  L     true   1550       49.0    49.2       0.0  1640.1
    22593   317.12  2048  L     true   1525       49.2    49.6       0.0  1640.1
    22594   317.14  2048  L     false  1801       49.6    49.6     160.9  1640.1
    22595   317.15  256   S     false  637        49.6    49.6    -124.7   922.6
    22596   317.16  256   S     false  584        49.6    49.6     254.3   205.0
    22597   317.16  256   S     false  557        49.6    49.6     606.3   205.0
    22598   317.16  256   S     false  542        49.6    49.6     943.3   205.0
    22599   317.16  256   S     false  506        49.6    49.6    1244.3   205.0
    22600   317.17  256   S     false  985        49.6    49.6    2024.3   205.0
    22601   317.17  256   S     false  1091       49.6    49.6    2910.2   205.0
    22602   317.17  256   S     false  1090       49.6    49.6    3795.2   205.0
    22603   317.17  256   S     false  1109       49.6    49.6    4699.2   205.0
    22604   317.18  256   S     false  1223       49.6    49.6    5717.2   205.0
    22605   317.18  256   S     false  1211       49.6    49.6    6723.2   205.0
    22606   317.18  256   S     false  1276       49.6    49.6    7794.2   205.0
    22607   317.19  256   S     false  1262       49.6    49.6    8851.2   205.0
    22608   317.19  256   S     false  1287       49.6    49.6    9933.1   205.0
    22609   317.19  256   S     false  1343       49.6    49.6   11071.1   205.0
    22610   317.19  256   S     false  1291       49.6    49.6   12157.1   205.0
    22611   317.21  2048  L     false  3026       49.6    49.6   14260.6   922.6
    22612   317.23  2048  L     true   2692       49.6    47.6   13850.5  1640.1
    22613   317.25  2048  L     true   2720       47.6    45.6   13440.5  1640.1
    22614   317.27  2048  L     true   2506       45.6    43.6   13030.5  1640.1
    22615   317.29  2048  L     true   2640       43.6    41.6   12620.4  1640.1
    22616   317.31  2048  L     true   3441       41.6    39.6   12210.4  1640.1
    22617   317.33  2048  L     true   2421       39.6    37.6   11800.4  1640.1
    22618   317.35  2048  L     true   2114       37.6    35.6   11390.4  1640.1
    22619   317.38  2048  L     true   2027       35.6    33.6   10980.3  1640.1
    22620   317.40  2048  L     true   1973       33.6    31.6   10570.3  1640.1
    22621   317.42  2048  L     true   1403       31.6    31.1   10160.3  1640.1
    22622   317.44  2048  L     true   1542       31.1    30.1    9750.2  1640.1
    22623   317.46  2048  L     true   1665       30.1    28.9    9340.2  1640.1
    22624   317.48  2048  L     true   1628       28.9    27.7    8930.2  1640.1
    22625   317.50  2048  L     true   1559       27.7    26.7    8520.2  1640.1
    22626   317.53  2048  L     true   1547       26.7    25.8    8110.1  1640.1
    22627   317.55  2048  L     true   1517       25.8    25.0    7700.1  1640.1
    22628   317.57  2048  L     true   1390       25.0    24.5    7290.1  1640.1
    22629   317.59  2048  L     true   1436       24.5    23.9    6880.0  1640.1
    22630   317.61  2048  L     true   1334       23.9    23.6    6470.0  1640.1
    22631   317.63  2048  L     true   1383       23.6    23.1    6060.0  1640.1
    22632   317.65  2048  L     true   1222       23.1    23.2    5650.0  1640.1
    22633   317.67  2048  L     true   1312       23.2    22.9    5239.9  1640.1
    22634   317.70  2048  L     true   1109       22.9    23.3    4829.9  1640.1
    22635   317.72  2048  L     true   1057       23.3    23.8    4419.9  1640.1
    22636   317.74  2048  L     true   1086       23.8    24.2    4009.8  1640.1
    22637   317.76  2048  L     true   1167       24.2    24.4    3599.8  1640.1
    22638   317.78  2048  L     true   1061       24.4    24.9    3189.8  1640.1
    22639   317.80  2048  L     true   1099       24.9    25.3    2779.8  1640.1
    22640   317.82  2048  L     true   1222       25.3    25.3    2369.7  1640.1
    22641   317.85  2048  L     true   1277       25.3    25.2    1959.7  1640.1
    22642   317.87  2048  L     true   1352       25.2    24.8    1549.7  1640.1
    22643   317.89  2048  L     true   1214       24.8    24.9    1139.7  1640.1
    22644   317.91  2048  L     true   1333       24.9    24.6     729.6  1640.1
    22645   317.93  2048  L     true   1229       24.6    24.6     319.6  1640.1
    22646   317.95  2048  L     true   1187       24.6    25.0       0.0  1640.1
    22647   317.97  2048  L     true   1292       25.0    26.0       0.0  1640.1
    22648   317.99  2048  L     true   1209       26.0    27.2       0.0  1640.1

=== sadie@128k  rate +1.20%  gap -0.0004  dropouts 0 ===

=== hein@96k  rate +1.99%  gap -0.0003  dropouts 1 ===
  sec 467: ours 0.889 ref 0.948
    idx  centre_s  n     kind  steady bits   headroom rate_hr reservoir target
    32003   465.00  2048  L     false  1341       36.0    26.8   26990.3   920.4
    32004   465.02  2048  L     true   1123       26.8    27.2   26581.2  1636.3
    32005   465.05  2048  L     true   1234       27.2    27.1   26172.1  1636.3
    32006   465.07  2048  L     true   1340       27.1    26.8   25763.0  1636.3
    32007   465.09  2048  L     true   1400       26.8    26.3   25354.0  1636.3
    32008   465.11  2048  L     true   1621       26.3    25.1   24944.9  1636.3
    32009   465.13  2048  L     true   1473       25.1    24.4   24535.8  1636.3
    32010   465.15  2048  L     true   1169       24.4    24.6   24126.8  1636.3
    32011   465.17  2048  L     true   1176       24.6    24.7   23717.7  1636.3
    32012   465.19  2048  L     true   1048       24.7    25.3   23308.6  1636.3
    32013   465.22  2048  L     true   1120       25.3    25.6   22899.5  1636.3
    32014   465.24  2048  L     true   1123       25.6    25.9   22490.5  1636.3
    32015   465.26  2048  L     true   1380       25.9    25.4   22081.4  1636.3
    32016   465.28  2048  L     true   1006       25.4    26.1   21672.3  1636.3
    32017   465.30  2048  L     true   1440       26.1    25.5   21263.3  1636.3
    32018   465.32  2048  L     true   1297       25.5    25.3   20854.2  1636.3
    32019   465.34  2048  L     true   1238       25.3    25.2   20445.1  1636.3
    32020   465.37  2048  L     true   1275       25.2    25.1   20036.0  1636.3
    32021   465.39  2048  L     true   1281       25.1    24.9   19627.0  1636.3
    32022   465.41  2048  L     false  1231       36.0    24.9   19221.7  1636.3
    32023   465.42  256   S     false  516        36.0    24.9   18817.3   920.4
    32024   465.42  256   S     false  473        36.0    24.9   19085.7   204.5
    32025   465.43  256   S     false  423        36.0    24.9   19304.2   204.5
    32026   465.43  256   S     false  397        36.0    24.9   19496.7   204.5
    32027   465.43  256   S     false  316        36.0    24.9   19608.1   204.5
    32028   465.43  256   S     false  365        36.0    24.9   19768.6   204.5
    32029   465.44  256   S     false  370        36.0    24.9   19934.1   204.5
    32030   465.44  256   S     false  320        36.0    24.9   20049.5   204.5
    32031   465.44  256   S     false  360        36.0    24.9   20205.0   204.5
    32032   465.44  256   S     false  713        36.0    24.9   20713.5   204.5
    32033   465.45  256   S     false  936        36.0    24.9   21444.9   204.5
    32034   465.45  256   S     false  799        36.0    24.9   22039.4   204.5
    32035   465.45  256   S     false  635        36.0    24.9   22469.9   204.5
    32036   465.45  256   S     false  635        36.0    24.9   22900.3   204.5
    32037   465.46  256   S     false  733        36.0    24.9   23428.8   204.5
    32038   465.46  256   S     false  802        36.0    24.9   24026.2   204.5
    32039   465.47  2048  L     false  1309       36.0    24.9   24414.8   920.4
    32040   465.49  2048  L     true   1011       24.9    25.6   24005.8  1636.3
    32041   465.51  2048  L     true   1154       25.6    25.8   23596.7  1636.3
    32042   465.54  2048  L     true   1320       25.8    25.5   23187.6  1636.3
    32043   465.56  2048  L     true   1257       25.5    25.4   22778.6  1636.3
    32044   465.58  2048  L     true   1015       25.4    26.0   22369.5  1636.3
    32045   465.60  2048  L     true   937        26.0    26.9   21960.4  1636.3
    32046   465.62  2048  L     true   833        26.9    28.0   21551.3  1636.3
    32047   465.64  2048  L     true   1908       28.0    26.1   21142.3  1636.3
    32048   465.66  2048  L     true   1357       26.1    25.7   20733.2  1636.3
    32049   465.69  2048  L     true   1104       25.7    26.0   20324.1  1636.3
    32050   465.71  2048  L     true   1297       26.0    25.8   19915.1  1636.3
    32051   465.73  2048  L     true   1274       25.8    25.7   19506.0  1636.3
    32052   465.75  2048  L     true   1421       25.7    25.1   19096.9  1636.3
    32053   465.77  2048  L     true   1135       25.1    25.4   18687.8  1636.3
    32054   465.79  2048  L     true   1345       25.4    25.0   18278.8  1636.3
    32055   465.81  2048  L     true   1168       25.0    25.2   17869.7  1636.3
    32056   465.83  2048  L     true   1377       25.2    24.8   17460.6  1636.3
    32057   465.86  2048  L     true   1344       24.8    24.4   17051.6  1636.3
    32058   465.88  2048  L     true   1213       24.4    24.5   16642.5  1636.3
    32059   465.90  2048  L     true   1315       24.5    24.2   16233.4  1636.3
    32060   465.92  2048  L     true   892        24.2    25.2   15824.3  1636.3
    32061   465.94  2048  L     true   2087       25.2    23.2   15415.3  1636.3
    32062   465.96  2048  L     true   1679       23.2    21.9   15006.2  1636.3
    32063   465.98  2048  L     true   1585       21.9    20.8   14597.1  1636.3
    32064   466.01  2048  L     true   1616       20.8    19.7   14188.1  1636.3
    32065   466.03  2048  L     true   1337       19.7    19.4   13779.0  1636.3
    32066   466.05  2048  L     true   1171       19.4    19.5   13369.9  1636.3
    32067   466.07  2048  L     true   1104       19.5    19.9   12960.8  1636.3
    32068   466.09  2048  L     true   1016       19.9    20.5   12551.8  1636.3
    32069   466.11  2048  L     true   961        20.5    21.3   12142.7  1636.3
    32070   466.13  2048  L     true   1014       21.3    21.9   11733.6  1636.3
    32071   466.15  2048  L     true   1084       21.9    22.3   11324.6  1636.3
    32072   466.18  2048  L     true   992        22.3    23.0   10915.5  1636.3
    32073   466.20  2048  L     true   1074       23.0    23.5   10506.4  1636.3
    32074   466.22  2048  L     true   1033       23.5    24.1   10097.4  1636.3
    32075   466.24  2048  L     false  1473       36.0    24.1    9934.1  1636.3
    32076   466.25  256   S     false  414        36.0    24.1    9427.7   920.4
    32077   466.25  256   S     false  438        36.0    24.1    9661.1   204.5
    32078   466.26  256   S     false  456        36.0    24.1    9912.6   204.5
    32079   466.26  256   S     false  788        36.0    24.1   10496.1   204.5
    32080   466.26  256   S     false  915        36.0    24.1   11206.5   204.5
    32081   466.27  256   S     false  1004       36.0    24.1   12006.0   204.5
    32082   466.27  256   S     false  824        36.0    24.1   12625.4   204.5
    32083   466.27  256   S     false  1146       36.0    24.1   13566.9   204.5
    32084   466.27  256   S     false  1193       36.0    24.1   14555.4   204.5
    32085   466.28  256   S     false  1171       36.0    24.1   15521.8   204.5
    32086   466.28  256   S     false  1082       36.0    24.1   16399.3   204.5
    32087   466.28  256   S     false  1180       36.0    24.1   17374.8   204.5
    32088   466.28  256   S     false  1164       36.0    24.1   18334.2   204.5
    32089   466.29  256   S     false  1135       36.0    24.1   19264.7   204.5
    32090   466.29  256   S     false  1083       36.0    24.1   20143.2   204.5
    32091   466.29  256   S     false  1094       36.0    24.1   21032.6   204.5
    32092   466.30  2048  L     false  2732       36.0    24.1   22844.2   920.4
    32093   466.33  2048  L     true   1208       24.1    24.1   22435.1  1636.3
    32094   466.35  2048  L     true   1328       24.1    23.8   22026.1  1636.3
    32095   466.37  2048  L     false  1616       36.0    23.8   22005.8  1636.3
    32096   466.38  256   S     false  494        36.0    23.8   21579.4   920.4
    32097   466.38  256   S     false  459        36.0    23.8   21833.8   204.5
    32098   466.39  256   S     false  434        36.0    23.8   22063.3   204.5
    32099   466.39  256   S     false  428        36.0    23.8   22286.8   204.5
    32100   466.39  256   S     false  405        36.0    23.8   22487.2   204.5
    32101   466.39  256   S     false  412        36.0    23.8   22694.7   204.5
    32102   466.40  256   S     false  519        36.0    23.8   23009.2   204.5
    32103   466.40  256   S     false  594        36.0    23.8   23398.6   204.5
    32104   466.40  256   S     false  1108       36.0    23.8   24302.1   204.5
    32105   466.40  256   S     false  995        36.0    23.8   25092.6   204.5
    32106   466.41  256   S     false  979        36.0    23.8   25867.0   204.5
    32107   466.41  256   S     false  925        36.0    23.8   26587.5   204.5
    32108   466.41  256   S     false  851        36.0    23.8   26990.3   204.5
    32109   466.41  256   S     false  900        36.0    23.8   26990.3   204.5
    32110   466.42  256   S     false  883        36.0    23.8   26990.3   204.5
    32111   466.42  256   S     false  955        36.0    23.8   26990.3   204.5
    32112   466.43  2048  L     false  1949       36.0    23.8   26990.3   920.4
    32113   466.45  2048  L     true   1090       23.8    24.2   26581.2  1636.3
    32114   466.47  2048  L     true   1128       24.2    24.5   26172.1  1636.3
    32115   466.50  2048  L     true   1078       24.5    24.9   25763.0  1636.3
    32116   466.52  2048  L     true   1114       24.9    25.3   25354.0  1636.3
    32117   466.54  2048  L     true   1225       25.3    25.3   24944.9  1636.3
    32118   466.56  2048  L     true   1222       25.3    25.3   24535.8  1636.3
    32119   466.58  2048  L     true   919        25.3    26.2   24126.8  1636.3
    32120   466.60  2048  L     true   629        26.2    28.0   23717.7  1636.3
    32121   466.62  2048  L     true   623        28.0    29.7   23308.6  1636.3
    32122   466.65  2048  L     true   1078       29.7    30.2   22899.5  1636.3
    32123   466.67  2048  L     false  1937       36.0    30.2   23200.3  1636.3
    32124   466.68  256   S     false  454        36.0    30.2   22733.8   920.4
    32125   466.68  256   S     false  405        36.0    30.2   22934.3   204.5
    32126   466.68  256   S     false  417        36.0    30.2   23146.8   204.5
    32127   466.69  256   S     false  360        36.0    30.2   23302.2   204.5
    32128   466.69  256   S     false  329        36.0    30.2   23426.7   204.5
    32129   466.69  256   S     false  376        36.0    30.2   23598.2   204.5
    32130   466.69  256   S     false  797        36.0    30.2   24190.6   204.5
    32131   466.70  256   S     false  717        36.0    30.2   24703.1   204.5
    32132   466.70  256   S     false  851        36.0    30.2   25349.6   204.5
    32133   466.70  256   S     false  753        36.0    30.2   25898.0   204.5
    32134   466.71  256   S     false  764        36.0    30.2   26457.5   204.5
    32135   466.71  256   S     false  853        36.0    30.2   26990.3   204.5
    32136   466.71  256   S     false  879        36.0    30.2   26990.3   204.5
    32137   466.71  256   S     false  932        36.0    30.2   26990.3   204.5
    32138   466.72  256   S     false  884        36.0    30.2   26990.3   204.5
    32139   466.72  256   S     false  843        36.0    30.2   26990.3   204.5
    32140   466.73  2048  L     false  2111       36.0    30.2   26990.3   920.4
    32141   466.75  2048  L     true   1471       30.2    29.4   26581.2  1636.3
    32142   466.77  2048  L     true   1471       29.4    28.7   26172.1  1636.3
    32143   466.79  2048  L     true   1503       28.7    27.9   25763.0  1636.3
    32144   466.82  2048  L     true   1322       27.9    27.6   25354.0  1636.3
    32145   466.84  2048  L     true   1389       27.6    27.2   24944.9  1636.3
    32146   466.86  2048  L     true   1480       27.2    26.4   24535.8  1636.3
    32147   466.88  2048  L     true   1755       26.4    24.9   24126.8  1636.3
    32148   466.90  2048  L     true   1972       24.9    22.9   23717.7  1636.3
    32149   466.92  2048  L     true   782        22.9    24.2   23308.6  1636.3
    32150   466.94  2048  L     true   1111       24.2    24.5   22899.5  1636.3
    32151   466.97  2048  L     true   1725       24.5    23.1   22490.5  1636.3
    32152   466.99  2048  L     true   1496       23.1    22.3   22081.4  1636.3
    32153   467.01  2048  L     true   1579       22.3    21.3   21672.3  1636.3
    32154   467.03  2048  L     true   1735       21.3    19.8   21263.3  1636.3
    32155   467.05  2048  L     true   917        19.8    20.7   20854.2  1636.3
    32156   467.07  2048  L     true   849        20.7    21.8   20445.1  1636.3
    32157   467.09  2048  L     true   753        21.8    23.2   20036.0  1636.3
    32158   467.11  2048  L     true   1212       23.2    23.2   19627.0  1636.3
    32159   467.14  2048  L     true   1159       23.2    23.4   19217.9  1636.3
    32160   467.16  2048  L     true   1184       23.4    23.5   18808.8  1636.3
    32161   467.18  2048  L     true   1476       23.5    22.8   18399.8  1636.3
    32162   467.20  2048  L     true   1282       22.8    22.7   17990.7  1636.3
    32163   467.22  2048  L     true   727        22.7    24.1   17581.6  1636.3
    32164   467.24  2048  L     true   1125       24.1    24.4   17172.5  1636.3
    32165   467.26  2048  L     true   1804       24.4    22.7   16763.5  1636.3
    32166   467.29  2048  L     true   1266       22.7    22.6   16354.4  1636.3
    32167   467.31  2048  L     true   1064       22.6    23.1   15945.3  1636.3
    32168   467.33  2048  L     true   1271       23.1    23.0   15536.3  1636.3
    32169   467.35  2048  L     true   1271       23.0    22.8   15127.2  1636.3
    32170   467.37  2048  L     true   1936       22.8    20.8   14718.1  1636.3
    32171   467.39  2048  L     true   1717       20.8    19.4   14309.1  1636.3
    32172   467.41  2048  L     true   1305       19.4    19.2   13900.0  1636.3
    32173   467.43  2048  L     true   1107       19.2    19.5   13490.9  1636.3
    32174   467.46  2048  L     true   1180       19.5    19.7   13081.8  1636.3
    32175   467.48  2048  L     true   1007       19.7    20.3   12672.8  1636.3
    32176   467.50  2048  L     true   1080       20.3    20.7   12263.7  1636.3
    32177   467.52  2048  L     true   1080       20.7    21.2   11854.6  1636.3
    32178   467.54  2048  L     true   1217       21.2    21.2   11445.6  1636.3
    32179   467.56  2048  L     true   1001       21.2    21.9   11036.5  1636.3
    32180   467.58  2048  L     true   1555       21.9    20.9   10627.4  1636.3
    32181   467.61  2048  L     true   1164       20.9    21.1   10218.3  1636.3
    32182   467.63  2048  L     true   1459       21.1    20.4    9809.3  1636.3
    32183   467.65  2048  L     true   1201       20.4    20.5    9400.2  1636.3
    32184   467.67  2048  L     true   1235       20.5    20.5    8991.1  1636.3
    32185   467.69  2048  L     true   1244       20.5    20.4    8582.1  1636.3
    32186   467.71  2048  L     true   1401       20.4    19.9    8173.0  1636.3
    32187   467.73  2048  L     true   1247       19.9    19.8    7763.9  1636.3
    32188   467.75  2048  L     true   1214       19.8    19.9    7354.8  1636.3
    32189   467.78  2048  L     true   1142       19.9    20.1    6945.8  1636.3
    32190   467.80  2048  L     true   1478       20.1    19.4    6536.7  1636.3
    32191   467.82  2048  L     true   1420       19.4    18.8    6127.6  1636.3
    32192   467.84  2048  L     true   1206       18.8    18.9    5718.6  1636.3
    32193   467.86  2048  L     true   1023       18.9    19.5    5309.5  1636.3
    32194   467.88  2048  L     true   971        19.5    20.2    4900.4  1636.3
    32195   467.90  2048  L     true   1076       20.2    20.7    4491.3  1636.3
    32196   467.93  2048  L     true   815        20.7    21.9    4082.3  1636.3
    32197   467.95  2048  L     true   841        21.9    23.0    3673.2  1636.3
    32198   467.97  2048  L     true   755        23.0    24.4    3264.1  1636.3
    32199   467.99  2048  L     true   797        24.4    25.7    2855.1  1636.3
    32200   468.01  2048  L     true   820        25.7    26.9    2446.0  1636.3
    32201   468.03  2048  L     true   873        26.9    27.9    2036.9  1636.3
    32202   468.05  2048  L     true   880        27.9    28.9    1627.8  1636.3
    32203   468.07  2048  L     true   1185       28.9    29.0    1218.8  1636.3
    32204   468.10  2048  L     true   1279       29.0    28.9     809.7  1636.3
    32205   468.12  2048  L     true   1621       28.9    27.7     400.6  1636.3
    32206   468.14  2048  L     true   1316       27.7    27.5       0.0  1636.3
    32207   468.16  2048  L     true   1388       27.5    28.2       0.0  1636.3
    32208   468.18  2048  L     true   1797       28.2    27.8       0.0  1636.3
    32209   468.20  2048  L     true   1683       27.8    27.6       0.0  1636.3
    32210   468.22  2048  L     true   1742       27.6    27.3       0.0  1636.3
    32211   468.25  2048  L     true   1850       27.3    26.7       0.0  1636.3
    32212   468.27  2048  L     true   1636       26.7    26.7       0.0  1636.3
    32213   468.29  2048  L     true   1754       26.7    26.3       0.0  1636.3
    32214   468.31  2048  L     true   1381       26.3    27.1       0.0  1636.3
    32215   468.33  2048  L     true   1250       27.1    28.2       0.0  1636.3
    32216   468.35  2048  L     true   1206       28.2    29.5       0.0  1636.3
    32217   468.37  2048  L     true   1228       29.5    30.7       0.0  1636.3
    32218   468.39  2048  L     true   1390       30.7    31.4       0.0  1636.3
    32219   468.42  2048  L     true   1543       31.4    31.7       0.0  1636.3
    32220   468.44  2048  L     true   1441       31.7    32.2       0.0  1636.3
    32221   468.46  2048  L     true   1475       32.2    32.7       0.0  1636.3
    32222   468.48  2048  L     true   1494       32.7    33.1       0.0  1636.3
    32223   468.50  2048  L     true   2089       33.1    31.8       0.0  1636.3
    32224   468.52  2048  L     true   1925       31.8    31.0       0.0  1636.3
    32225   468.54  2048  L     true   1528       31.0    31.3       0.0  1636.3
    32226   468.57  2048  L     true   1273       31.3    32.3       0.0  1636.3
    32227   468.59  2048  L     true   1358       32.3    33.2       0.0  1636.3
    32228   468.61  2048  L     true   1290       33.2    34.2       0.0  1636.3
    32229   468.63  2048  L     true   1313       34.2    35.1       0.0  1636.3
    32230   468.65  2048  L     true   1425       35.1    35.7       0.0  1636.3
    32231   468.67  2048  L     true   2305       35.7    33.8       0.0  1636.3
    32232   468.69  2048  L     true   2167       33.8    32.2       0.0  1636.3
    32233   468.71  2048  L     true   1833       32.2    31.7       0.0  1636.3
    32234   468.74  2048  L     true   1802       31.7    31.2       0.0  1636.3
    32235   468.76  2048  L     true   1853       31.2    30.5       0.0  1636.3
    32236   468.78  2048  L     true   2009       30.5    29.4       0.0  1636.3
    32237   468.80  2048  L     true   1853       29.4    28.8       0.0  1636.3
    32238   468.82  2048  L     true   1773       28.8    28.4       0.0  1636.3
    32239   468.84  2048  L     true   1826       28.4    27.8       0.0  1636.3
    32240   468.86  2048  L     true   1846       27.8    27.2       0.0  1636.3
    32241   468.89  2048  L     true   1763       27.2    26.9       0.0  1636.3
    32242   468.91  2048  L     true   1530       26.9    27.2       0.0  1636.3
    32243   468.93  2048  L     true   1758       27.2    26.8       0.0  1636.3
    32244   468.95  2048  L     true   1475       26.8    27.3       0.0  1636.3
    32245   468.97  2048  L     true   1442       27.3    27.9       0.0  1636.3
    32246   468.99  2048  L     true   1378       27.9    28.6       0.0  1636.3
    32247   469.01  2048  L     true   1297       28.6    29.6       0.0  1636.3
    32248   469.03  2048  L     true   1091       29.6    31.2       0.0  1636.3
    32249   469.06  2048  L     true   1341       31.2    32.1       0.0  1636.3
    32250   469.08  2048  L     true   1265       32.1    33.2       0.0  1636.3
    32251   469.10  2048  L     true   2038       33.2    32.0       0.0  1636.3
    32252   469.12  2048  L     true   2495       32.0    30.0       0.0  1636.3
    32253   469.14  2048  L     true   2431       30.0    28.0       0.0  1636.3
    32254   469.16  2048  L     true   1726       28.0    27.7       0.0  1636.3
    32255   469.18  2048  L     true   1817       27.7    27.2       0.0  1636.3
    32256   469.21  2048  L     true   1731       27.2    26.9       0.0  1636.3
    32257   469.23  2048  L     true   1400       26.9    27.6       0.0  1636.3
    32258   469.25  2048  L     true   1240       27.6    28.8       0.0  1636.3
    32259   469.27  2048  L     true   1286       28.8    29.8       0.0  1636.3
    32260   469.29  2048  L     true   1284       29.8    30.8       0.0  1636.3
    32261   469.31  2048  L     true   1438       30.8    31.4       0.0  1636.3
    32262   469.33  2048  L     true   2020       31.4    30.3       0.0  1636.3
    32263   469.35  2048  L     true   1834       30.3    29.7       0.0  1636.3
    32264   469.38  2048  L     true   1527       29.7    30.0       0.0  1636.3
    32265   469.40  2048  L     true   1674       30.0    29.9       0.0  1636.3
    32266   469.42  2048  L     true   1821       29.9    29.4       0.0  1636.3
    32267   469.44  2048  L     true   1710       29.4    29.2       0.0  1636.3
    32268   469.46  2048  L     true   1842       29.2    28.6       0.0  1636.3
    32269   469.48  2048  L     true   2116       28.6    27.1       0.0  1636.3
    32270   469.50  2048  L     true   1311       27.1    28.1       0.0  1636.3
    32271   469.53  2048  L     true   1260       28.1    29.2       0.0  1636.3
    32272   469.55  2048  L     true   1481       29.2    29.7       0.0  1636.3
    32273   469.57  2048  L     true   1471       29.7    30.1       0.0  1636.3
    32274   469.59  2048  L     true   1389       30.1    30.9       0.0  1636.3
    32275   469.61  2048  L     true   1424       30.9    31.5       0.0  1636.3
    32276   469.63  2048  L     true   1827       31.5    30.9       0.0  1636.3
    32277   469.65  2048  L     true   1985       30.9    29.9       0.0  1636.3
    32278   469.67  2048  L     true   1861       29.9    29.2       0.0  1636.3
    32279   469.70  2048  L     true   1877       29.2    28.5       0.0  1636.3
    32280   469.72  2048  L     true   1433       28.5    29.1       0.0  1636.3
    32281   469.74  2048  L     true   1458       29.1    29.7       0.0  1636.3
    32282   469.76  2048  L     true   1476       29.7    30.1       0.0  1636.3
    32283   469.78  2048  L     true   1430       30.1    30.7       0.0  1636.3
    32284   469.80  2048  L     true   1555       30.7    31.0       0.0  1636.3
    32285   469.82  2048  L     true   1746       31.0    30.7       0.0  1636.3
    32286   469.85  2048  L     true   1606       30.7    30.7       0.0  1636.3
    32287   469.87  2048  L     true   1599       30.7    30.8       0.0  1636.3
    32288   469.89  2048  L     true   1562       30.8    31.1       0.0  1636.3
    32289   469.91  2048  L     true   1318       31.1    32.0       0.0  1636.3
    32290   469.93  2048  L     true   1562       32.0    32.2       0.0  1636.3
    32291   469.95  2048  L     true   1614       32.2    32.3       0.0  1636.3
    32292   469.97  2048  L     true   1381       32.3    33.0       0.0  1636.3
    32293   469.99  2048  L     true   1590       33.0    33.2       0.0  1636.3

=== hein@128k  rate +0.71%  gap -0.0012  dropouts 0 ===
